T,RING_SIZE,RING_BYTES,RES_ACT,RES_SKETCH,RES_RING
1,4,104,1,1,1
2,4,104,1,1,1
3,4,104,1,1,1
4,4,104,1,1,1
5,4,104,1,1,1
6,4,104,1,1,1
7,4,104,1,1,1
8,4,104,1,1,1
9,4,104,1,1,1
10,4,104,1,1,1
11,4,104,1,1,1
12,4,104,1,1,1
13,4,104,1,1,1
14,4,104,1,1,1
15,4,104,1,1,1
16,4,104,1,1,1
17,4,104,1,1,1
18,4,104,1,1,1
19,4,104,1,1,1
20,4,104,2,2,2
21,4,104,1,1,1
22,4,104,1,1,2
23,4,104,1,1,1
24,4,104,1,1,1
25,4,104,1,1,2
26,4,104,1,1,1
27,4,104,2,2,2
28,4,104,1,1,2
29,4,104,2,2,2
30,4,104,1,1,2
31,4,104,1,1,1
32,4,104,2,2,2
33,4,104,2,2,3
34,4,104,1,1,1
35,4,104,2,2,2
36,4,104,3,3,3
37,4,104,1,1,2
38,4,104,1,1,2
39,4,104,1,1,3
40,4,104,1,1,4
41,4,104,1,1,1
42,4,104,1,1,2
43,4,104,1,1,2
44,4,104,1,1,2
45,4,104,2,2,3
46,4,104,1,1,1
47,4,104,1,1,1
48,4,104,2,2,2
49,4,104,1,1,3
50,4,104,4,4,4
51,4,104,1,1,2
52,4,104,1,1,1
53,4,104,1,1,1
54,4,104,1,1,4
55,4,104,2,2,2
56,4,104,2,2,3
57,4,104,2,1,1
58,4,104,1,1,3
59,4,104,3,3,3
60,4,104,2,2,2
61,3,104,1,1,5
62,3,104,2,1,3
63,3,104,1,1,2
64,3,104,2,2,3
65,3,104,1,1,4
66,3,104,1,1,2
67,3,104,2,2,3
68,3,104,2,1,3
69,3,104,1,1,3
70,3,104,2,1,1
71,3,104,2,2,4
72,3,104,1,1,2
73,3,104,2,1,2
74,3,104,1,1,3
75,3,104,1,1,3
76,3,104,2,1,4
77,3,104,2,2,4
78,3,104,2,2,2
79,3,104,1,1,2
80,3,104,2,2,4
81,3,104,1,1,3
82,3,104,1,1,2
83,3,104,1,1,1
84,3,104,2,2,2
85,3,104,1,1,1
86,3,104,3,3,5
87,3,104,3,3,3
88,3,104,2,2,4
89,3,104,2,1,2
90,3,104,2,2,4
91,3,104,3,2,3
92,3,104,3,3,3
93,3,104,2,1,3
94,3,104,1,1,2
95,3,104,2,1,2
96,3,104,2,2,3
97,3,104,2,2,3
98,3,104,3,2,3
99,3,104,5,5,6
100,3,104,3,2,4
101,3,104,3,2,2
102,3,104,2,2,3
103,3,104,2,2,3
104,3,104,2,1,3
105,3,104,2,1,3
106,3,104,3,3,3
107,3,104,2,1,1
108,3,104,1,1,4
109,3,104,2,2,3
110,3,104,3,1,3
111,3,104,4,4,4
112,3,104,1,1,3
113,3,104,2,2,2
114,3,104,4,4,4
115,3,104,3,3,3
116,3,104,2,1,4
117,3,104,1,1,2
118,3,104,3,1,3
119,3,104,3,3,4
120,3,104,3,3,5
121,3,104,2,2,3
122,3,104,2,1,3
123,3,104,2,1,4
124,3,104,4,4,6
125,3,104,4,4,5
126,3,104,2,2,7
127,3,104,4,3,5
128,3,104,6,6,8
129,3,104,3,1,6
130,3,104,2,2,3
131,3,104,2,2,5
132,3,104,5,5,7
133,3,104,3,2,4
134,3,104,3,3,9
135,3,104,2,2,4
136,3,104,2,1,5
137,3,104,3,1,2
138,3,104,3,1,4
139,3,104,2,2,7
140,3,104,3,1,3
141,3,104,2,2,5
142,3,104,3,3,4
143,3,104,1,1,3
144,3,104,4,4,4
145,3,104,1,1,4
146,3,104,3,3,6
147,3,104,3,3,4
148,3,104,2,2,4
149,3,104,3,1,7
150,3,104,1,1,3
151,3,104,2,2,3
152,3,104,3,2,5
153,3,104,3,1,4
154,3,104,4,4,6
155,3,104,1,1,5
156,3,104,3,3,6
157,3,104,4,4,7
158,3,104,5,5,7
159,3,104,3,2,5
160,3,104,5,5,7
161,3,104,2,1,5
162,3,104,4,3,5
163,3,104,3,2,4
164,3,104,2,1,4
165,3,104,3,2,4
166,3,104,5,5,5
167,3,104,4,2,8
168,3,104,4,4,10
169,3,104,4,2,4
170,3,104,2,1,3
171,3,104,3,1,5
172,3,104,2,2,6
173,3,104,5,3,5
174,3,104,3,2,6
175,3,104,4,4,5
176,3,104,2,1,6
177,3,104,2,1,4
178,3,104,2,2,4
179,3,104,3,3,5
180,3,104,3,3,7
181,3,104,2,2,6
182,3,104,3,1,6
183,3,104,5,5,5
184,3,104,3,1,4
185,3,104,5,5,6
186,3,104,4,4,7
187,3,104,2,2,4
188,3,104,5,5,8
189,3,104,3,2,7
190,3,104,2,1,4
191,3,104,3,3,5
192,3,104,4,3,5
193,3,104,4,4,6
194,3,104,5,2,8
195,3,104,5,4,7
196,3,104,3,3,8
197,3,104,3,1,5
198,3,104,4,3,5
199,3,104,3,2,5
200,3,104,4,3,9
201,3,104,6,3,8
202,3,104,6,6,8
203,3,104,3,2,7
204,3,104,4,2,5
205,3,104,7,4,9
206,3,104,6,6,9
207,3,104,3,3,9
208,3,104,5,4,8
209,3,104,4,3,6
210,3,104,4,4,5
211,3,104,4,3,4
212,3,104,3,3,6
213,3,104,4,2,6
214,3,104,2,1,4
215,3,104,4,3,6
216,3,104,7,7,9
217,3,104,2,2,6
218,3,104,3,2,5
219,3,104,8,8,10
220,3,104,2,2,6
221,3,104,3,2,5
222,3,104,3,1,4
223,3,104,3,2,6
224,3,104,4,1,9
225,3,104,4,2,9
226,3,104,3,1,5
227,3,104,3,3,8
228,3,104,4,2,3
229,3,104,5,5,7
230,3,104,6,6,6
231,3,104,4,3,9
232,3,104,5,2,10
233,3,104,4,3,6
234,3,104,4,1,5
235,3,104,4,3,6
236,3,104,6,6,7
237,3,104,3,3,10
238,3,104,5,4,8
239,3,104,3,1,7
240,3,104,3,1,7
241,3,104,4,2,6
242,3,104,5,1,7
243,3,104,4,2,5
244,3,104,5,3,10
245,3,104,5,5,6
246,3,104,4,4,7
247,3,104,5,3,8
248,3,104,4,1,4
249,3,104,4,2,6
250,3,104,5,3,6
251,3,104,3,2,9
252,3,104,3,3,9
253,3,104,4,3,10
254,3,104,5,4,11
255,3,104,2,1,6
256,3,104,5,3,5
257,3,104,3,3,9
258,3,104,3,2,7
259,3,104,4,2,8
260,3,104,6,5,9
261,3,104,5,2,7
262,3,104,6,6,10
263,3,104,6,5,10
264,3,104,3,3,7
265,3,104,4,1,7
266,3,104,5,4,10
267,3,104,4,2,6
268,3,104,6,2,8
269,3,104,6,4,7
270,3,104,5,2,7
271,3,104,5,4,6
272,3,104,3,2,11
273,3,104,6,6,11
274,3,104,7,3,9
275,3,104,6,3,8
276,3,104,4,3,7
277,3,104,3,2,7
278,3,104,7,7,7
279,3,104,5,3,7
280,3,104,6,6,7
281,3,104,5,4,10
282,3,104,3,1,8
283,3,104,5,2,5
284,3,104,4,2,8
285,3,104,2,2,5
286,3,104,3,1,7
287,3,104,3,2,6
288,3,104,7,6,10
289,3,104,5,2,9
290,3,104,5,3,7
291,3,104,3,1,8
292,3,104,6,2,10
293,3,104,7,1,8
294,3,104,5,2,8
295,3,104,6,5,7
296,3,104,3,3,7
297,3,104,4,2,9
298,3,104,6,4,6
299,3,104,4,1,8
300,3,104,4,2,8
301,3,104,6,5,12
302,3,104,2,2,7
303,3,104,4,3,6
304,3,104,4,2,7
305,3,104,3,3,9
306,3,104,7,3,10
307,3,104,4,2,8
308,3,104,6,4,11
309,3,104,3,3,8
310,3,104,7,6,8
311,3,104,7,6,9
312,3,104,8,7,9
313,2,104,5,1,8
314,2,104,6,3,6
315,2,104,7,5,8
316,2,104,5,2,10
317,2,104,5,2,9
318,2,104,8,7,11
319,2,104,7,7,9
320,2,104,8,4,11
321,2,104,4,2,8
322,2,104,6,4,9
323,2,104,4,4,8
324,2,104,4,3,8
325,2,104,6,5,11
326,3,104,5,3,10
327,3,104,4,2,9
328,3,104,6,2,8
329,3,104,5,3,9
330,3,104,6,3,10
331,3,104,5,3,10
332,3,104,6,3,0
333,3,104,7,3,1
334,3,104,5,4,9
335,3,104,6,5,10
336,3,104,4,2,1
337,3,104,7,4,7
338,3,104,6,4,9
339,3,104,4,4,1
340,3,104,7,3,8
341,3,104,7,4,9
342,3,104,5,3,2
343,3,104,4,1,8
344,3,104,6,4,11
345,3,104,5,2,0
346,3,104,6,4,11
347,3,104,7,3,1
348,3,104,7,6,9
349,3,104,7,1,0
350,3,104,4,3,9
351,3,104,6,4,10
352,3,104,5,3,10
353,3,104,4,1,0
354,3,104,5,2,0
355,3,104,6,4,11
356,3,104,7,3,12
357,3,104,3,2,10
358,3,104,5,4,1
359,3,104,6,3,1
360,3,104,8,5,9
361,3,104,4,3,9
362,3,104,7,6,0
363,3,104,8,4,2
364,3,104,5,4,10
365,3,104,7,5,1
366,3,104,7,5,1
367,3,104,5,3,9
368,3,104,7,2,1
369,3,104,8,5,1
370,3,104,6,4,10
371,3,104,4,3,1
372,3,104,6,3,1
373,3,104,3,3,6
374,3,104,8,8,10
375,3,104,7,3,12
376,3,104,4,4,9
377,3,104,6,3,2
378,3,104,1,1,1
379,3,104,8,7,11
380,3,104,5,4,1
381,3,104,7,4,3
382,3,104,6,2,10
383,3,104,5,3,11
384,3,104,8,5,10
385,3,104,7,2,1
386,3,104,5,4,1
387,3,104,6,3,11
388,3,104,7,5,11
389,3,104,5,4,10
390,3,104,8,5,1
391,3,104,4,4,2
392,3,104,7,7,11
393,3,104,9,8,2
394,3,104,6,4,3
395,3,104,8,2,11
396,3,104,6,5,2
397,3,104,5,2,7
398,3,104,8,4,11
399,3,104,6,2,1
400,3,104,6,3,2
401,3,104,4,2,2
402,3,104,8,3,2
403,3,104,7,5,2
404,3,104,9,6,3
405,3,104,7,5,11
406,3,104,7,6,2
407,3,104,8,6,12
408,3,104,7,4,12
409,3,104,8,5,13
410,3,104,5,4,12
411,3,104,7,6,3
412,3,104,5,2,10
413,3,104,7,7,3
414,3,104,5,3,11
415,3,104,8,2,2
416,3,104,6,5,3
417,3,104,7,3,12
418,3,104,6,4,3
419,3,104,6,4,2
420,3,104,8,6,4
421,3,104,6,5,12
422,3,104,5,2,11
423,3,104,5,5,10
424,3,104,9,6,11
425,3,104,6,3,12
426,3,104,8,2,12
427,3,104,8,5,4
428,3,104,9,5,13
429,3,104,9,7,5
430,3,104,7,4,4
431,3,104,7,6,4
432,3,104,5,3,3
433,3,104,5,5,3
434,3,104,7,3,3
435,3,104,5,3,3
436,3,104,9,5,3
437,3,104,9,6,4
438,3,104,4,4,2
439,3,104,6,2,1
440,3,104,9,6,12
441,3,104,8,4,12
442,3,104,8,7,3
443,3,104,8,6,3
444,3,104,8,3,13
445,3,104,6,3,12
446,3,104,7,4,4
447,3,104,8,4,13
448,3,104,5,2,12
449,3,104,5,5,3
450,3,104,7,4,13
451,3,104,9,7,4
452,3,104,4,4,8
453,3,104,7,6,13
454,3,104,9,5,2
455,3,104,9,3,4
456,3,104,7,7,5
457,3,104,9,8,5
458,3,104,8,1,13
459,3,104,9,6,5
460,3,104,9,3,5
461,3,104,8,5,5
462,3,104,6,3,14
463,3,104,9,7,3
464,3,104,9,4,14
465,3,104,9,3,4
466,3,104,8,4,6
467,3,104,8,8,11
468,3,104,6,1,5
469,3,104,6,4,13
470,3,104,10,6,3
471,3,104,9,3,14
472,3,104,8,3,4
473,3,104,7,5,14
474,3,104,7,5,11
475,3,104,10,7,14
476,3,104,10,5,12
477,3,104,7,6,3
478,3,104,8,3,4
479,3,104,5,5,9
480,3,104,7,5,4
481,3,104,6,6,5
482,3,104,9,3,4
483,3,104,10,4,5
484,3,104,9,4,5
485,3,104,7,5,4
486,3,104,7,2,6
487,3,104,7,7,6
488,3,104,9,9,12
489,3,104,3,3,13
490,3,104,7,5,13
491,3,104,8,7,4
492,3,104,5,3,13
493,3,104,9,8,14
494,3,104,7,3,5
495,3,104,4,4,14
496,3,104,8,6,13
497,3,104,10,10,13
498,3,104,11,8,15
499,3,104,11,6,14
500,3,104,9,4,6
501,3,104,10,4,6
502,3,104,8,7,7
503,3,104,8,5,5
504,3,104,11,7,4
505,3,104,9,8,14
506,3,104,12,8,5
507,3,104,8,4,13
508,3,104,8,8,6
509,3,104,5,5,15
510,3,104,8,6,14
511,3,104,5,5,14
512,3,104,5,3,7
513,3,104,10,4,5
514,3,104,6,6,16
515,3,104,9,5,5
516,3,104,10,2,7
517,3,104,9,3,14
518,3,104,6,3,14
519,3,104,11,5,6
520,3,104,10,6,6
521,3,104,7,3,7
522,3,104,8,4,15
523,3,104,8,4,5
524,3,104,8,4,15
525,3,104,8,6,15
526,3,104,5,5,5
527,3,104,10,5,16
528,3,104,6,4,14
529,3,104,9,7,15
530,3,104,9,3,14
531,3,104,8,5,15
532,3,104,10,5,6
533,3,104,7,4,14
534,3,104,8,2,15
535,3,104,10,6,5
536,3,104,12,7,15
537,3,104,10,5,8
538,3,104,10,9,16
539,3,104,12,6,7
540,3,104,9,7,16
541,3,104,11,6,17
542,3,104,6,6,10
543,3,104,9,5,15
544,3,104,11,5,6
545,3,104,11,5,7
546,3,104,10,8,7
547,3,104,11,7,6
548,3,104,6,4,7
549,3,104,10,4,8
550,3,104,10,4,15
551,3,104,11,7,7
552,3,104,8,3,7
553,3,104,8,8,9
554,3,104,7,3,16
555,3,104,12,9,16
556,3,104,10,7,12
557,3,104,9,5,16
558,3,104,7,2,13
559,3,104,11,10,17
560,3,104,11,6,8
561,3,104,9,7,6
562,3,104,8,4,7
563,3,104,9,4,16
564,3,104,7,4,16
565,3,104,7,3,11
566,3,104,12,8,8
567,3,104,10,7,8
568,3,104,6,6,6
569,3,104,6,6,6
570,3,104,8,4,7
571,3,104,10,8,6
572,3,104,11,8,14
573,3,104,12,6,8
574,3,104,11,4,6
575,3,104,9,4,8
576,3,104,9,5,16
577,3,104,9,6,15
578,3,104,8,4,6
579,3,104,8,7,16
580,3,104,9,6,7
581,3,104,11,4,15
582,3,104,11,6,8
583,3,104,9,5,17
584,3,104,8,5,9
585,3,104,11,5,9
586,3,104,10,9,16
587,3,104,10,8,16
588,3,104,8,1,9
589,3,104,11,7,7
590,3,104,7,5,17
591,3,104,11,4,14
592,3,104,8,5,7
593,3,104,9,5,16
594,3,104,9,5,8
595,3,104,12,6,8
596,3,104,9,5,7
597,3,104,8,2,12
598,3,104,8,5,16
599,3,104,8,8,7
600,3,104,9,4,9
601,3,104,10,6,17
602,3,104,10,6,17
603,3,104,13,7,8
604,3,104,9,5,8
605,3,104,12,2,9
606,3,104,13,7,9
607,3,104,10,8,9
608,3,104,9,5,8
609,3,104,7,7,17
610,3,104,9,1,12
611,3,104,10,6,17
612,3,104,11,4,17
613,3,104,13,7,9
614,3,104,10,5,17
615,3,104,11,5,18
616,3,104,7,7,13
617,3,104,10,6,9
618,3,104,7,4,15
619,3,104,9,1,15
620,3,104,9,3,15
621,3,104,10,9,10
622,3,104,10,4,8
623,3,104,7,7,8
624,4,104,8,6,1
625,4,104,12,4,9
626,4,104,9,9,9
627,4,104,8,2,0
628,4,104,12,8,9
629,4,104,6,6,1
630,4,104,9,7,0
631,4,104,8,8,9
632,4,104,11,7,1
633,4,104,10,6,9
634,4,104,2,2,10
635,4,104,9,9,10
636,4,104,9,5,1
637,4,104,10,6,8
638,4,104,9,4,10
639,4,104,9,3,1
640,4,104,10,4,1
641,4,104,10,5,11
642,4,104,9,9,9
643,4,104,10,4,2
644,4,104,13,10,0
645,4,104,10,2,1
646,4,104,11,7,10
647,4,104,10,8,9
648,4,104,10,10,11
649,4,104,8,8,1
650,4,104,10,5,10
651,4,104,10,2,8
652,4,104,12,9,0
653,4,104,14,8,9
654,4,104,13,7,10
655,4,104,8,7,10
656,4,104,13,9,9
657,4,104,8,5,9
658,4,104,11,6,11
659,4,104,10,2,1
660,4,104,13,9,11
661,4,104,11,11,12
662,4,104,11,2,2
663,4,104,11,10,1
664,4,104,11,8,12
665,4,104,11,2,10
666,4,104,10,4,10
667,4,104,9,4,1
668,4,104,8,8,1
669,4,104,9,9,2
670,4,104,10,6,0
671,4,104,10,5,2
672,4,104,11,6,9
673,4,104,11,5,10
674,4,104,10,3,10
675,4,104,7,1,10
676,4,104,7,6,1
677,4,104,11,10,11
678,4,104,3,3,11
679,4,104,11,9,10
680,4,104,11,9,10
681,4,104,11,9,1
682,4,104,11,7,11
683,4,104,12,8,12
684,4,104,12,5,2
685,4,104,11,9,11
686,4,104,11,4,1
687,4,104,14,10,13
688,4,104,13,9,11
689,4,104,11,3,2
690,4,104,14,10,11
691,4,104,15,9,10
692,4,104,13,5,12
693,4,104,11,9,11
694,4,104,9,6,11
695,4,104,11,4,11
696,4,104,14,8,12
697,4,104,14,10,12
698,4,104,15,9,13
699,4,104,10,9,1
700,4,104,11,5,11
701,4,104,11,4,2
702,4,104,15,11,14
703,4,104,11,3,2
704,4,104,12,10,2
705,4,104,10,10,12
706,4,104,12,6,2
707,4,104,14,11,2
708,4,104,8,5,1
709,4,104,12,9,12
710,4,104,11,4,2
711,4,104,10,7,12
712,4,104,11,8,3
713,4,104,11,4,3
714,4,104,12,7,11
715,4,104,13,7,3
716,4,104,13,11,2
717,4,104,12,12,13
718,4,104,11,5,2
719,4,104,8,4,3
720,4,104,12,6,3
721,4,104,16,10,11
722,4,104,12,6,12
723,4,104,12,7,2
724,4,104,12,10,13
725,4,104,12,5,3
726,4,104,11,8,3
727,4,104,15,11,13
728,4,104,9,7,2
729,4,104,12,8,14
730,4,104,14,7,11
731,4,104,4,4,13
732,4,104,12,8,13
733,4,104,12,8,11
734,4,104,13,9,14
735,4,104,11,6,3
736,4,104,11,5,13
737,4,104,13,3,14
738,4,104,10,10,10
739,4,104,7,7,3
740,4,104,13,4,4
741,4,104,12,7,12
742,4,104,11,7,12
743,4,104,12,9,4
744,4,104,9,5,3
745,4,104,17,11,12
746,4,104,16,12,14
747,4,104,12,5,4
748,4,104,12,6,12
749,4,104,11,8,13
750,4,104,13,8,4
751,4,104,12,4,3
752,4,104,13,11,14
753,4,104,10,6,11
754,4,104,14,12,15
755,4,104,14,6,14
756,4,104,13,6,14
757,4,104,8,7,5
758,4,104,12,3,13
759,4,104,13,7,13
760,4,104,10,4,3
761,4,104,10,10,3
762,4,104,15,12,4
763,4,104,15,13,16
764,4,104,11,3,3
765,4,104,9,9,3
766,4,104,10,3,14
767,4,104,11,6,4
768,4,104,11,5,4
769,4,104,13,10,3
770,4,104,14,10,15
771,4,104,12,10,13
772,4,104,12,9,14
773,4,104,12,10,15
774,4,104,13,9,14
775,4,104,9,6,3
776,4,104,11,7,4
777,4,104,11,4,4
778,4,104,11,7,15
779,4,104,15,12,4
780,4,104,12,5,4
781,4,104,14,7,15
782,4,104,11,11,15
783,4,104,13,3,4
784,4,104,13,6,5
785,4,104,13,4,13
786,4,104,9,8,5
787,4,104,14,8,14
788,4,104,11,6,4
789,4,104,12,10,13
790,4,104,14,10,13
791,4,104,14,9,5
792,4,104,10,5,5
793,4,104,10,7,4
794,4,104,12,5,5
795,4,104,11,7,4
796,4,104,13,5,4
797,4,104,8,6,4
798,4,104,15,5,5
799,4,104,10,10,4
800,4,104,13,6,6
801,4,104,14,6,14
802,4,104,5,5,16
803,4,104,16,6,6
804,4,104,8,7,11
805,4,104,11,11,5
806,4,104,15,10,6
807,4,104,12,4,5
808,4,104,13,11,16
809,4,104,12,7,5
810,4,104,13,11,5
811,4,104,13,6,6
812,4,104,12,7,5
813,4,104,14,8,14
814,4,104,15,11,15
815,4,104,12,7,5
816,4,104,12,12,16
817,4,104,11,3,16
818,4,104,12,5,14
819,4,104,13,13,15
820,4,104,15,7,16
821,4,104,12,6,15
822,3,104,13,2,6
823,3,104,13,5,6
824,3,104,11,4,25
825,3,104,13,7,6
826,3,104,12,10,6
827,3,104,12,8,5
828,3,104,12,3,26
829,3,104,13,4,27
830,3,104,13,10,27
831,3,104,13,8,6
832,3,104,14,12,28
833,3,104,14,6,7
834,3,104,12,7,22
835,3,104,13,11,6
836,3,104,14,5,28
837,3,104,13,7,6
838,3,104,15,11,25
839,3,104,11,3,7
840,3,104,13,7,19
841,3,104,14,1,6
842,3,104,16,11,7
843,3,104,12,5,26
844,3,104,12,3,6
845,3,104,12,12,6
846,3,104,15,8,6
847,3,104,14,7,7
848,3,104,14,9,7
849,3,104,14,8,7
850,3,104,16,14,28
851,3,104,13,6,7
852,3,104,14,5,7
853,3,104,13,6,27
854,3,104,9,9,23
855,3,104,12,6,4
856,3,104,12,7,24
857,3,104,16,8,7
858,3,104,14,10,27
859,3,104,15,6,29
860,3,104,14,6,5
861,3,104,11,2,25
862,3,104,13,7,7
863,3,104,15,11,29
864,3,104,8,8,8
865,3,104,13,4,28
866,3,104,15,9,8
867,3,104,12,6,26
868,3,104,13,5,28
869,3,104,16,12,27
870,3,104,13,8,7
871,3,104,10,8,5
872,3,104,13,11,7
873,3,104,11,9,6
874,3,104,16,8,20
875,3,104,15,4,27
876,3,104,16,6,28
877,3,104,12,3,6
878,3,104,14,9,8
879,3,104,14,8,24
880,3,104,12,8,7
881,3,104,15,6,8
882,3,104,14,4,8
883,3,104,15,7,6
884,3,104,14,11,7
885,3,104,14,9,24
886,3,104,13,8,25
887,3,104,15,4,26
888,3,104,6,6,29
889,3,104,17,9,21
890,3,104,9,8,26
891,3,104,14,12,7
892,3,104,14,12,8
893,3,104,15,6,8
894,3,104,16,12,27
895,3,104,9,7,7
896,3,104,17,8,29
897,3,104,15,9,27
898,3,104,17,12,9
899,3,104,15,11,26
900,3,104,14,5,29
901,3,104,16,12,27
902,3,104,15,13,9
903,3,104,13,7,22
904,3,104,13,4,8
905,3,104,15,8,8
906,3,104,14,6,29
907,3,104,15,5,6
908,3,104,13,7,7
909,3,104,15,9,25
910,3,104,14,8,23
911,3,104,14,8,8
912,3,104,14,9,28
913,3,104,15,4,26
914,3,104,7,7,30
915,3,104,15,10,9
916,3,104,16,4,8
917,3,104,15,8,26
918,3,104,10,8,8
919,3,104,13,4,7
920,3,104,9,8,26
921,3,104,16,6,28
922,3,104,15,9,24
923,3,104,14,5,8
924,3,104,14,8,7
925,3,104,14,9,7
926,3,104,15,5,8
927,3,104,17,13,28
928,3,104,16,7,30
929,3,104,15,3,7
930,3,104,18,13,10
931,3,104,12,9,8
932,3,104,14,7,25
933,3,104,15,5,8
934,4,104,15,9,1
935,4,104,13,3,0
936,4,104,17,8,31
937,4,104,15,6,9
938,4,104,18,10,0
939,4,104,15,2,0
940,4,104,16,13,1
941,4,104,11,11,9
942,4,104,15,9,1
943,4,104,16,6,10
944,4,104,15,9,1
945,4,104,12,12,10
946,4,104,17,10,1
947,4,104,18,9,32
948,4,104,16,14,10
949,4,104,16,7,9
950,4,104,9,5,1
951,4,104,14,8,8
952,4,104,10,9,2
953,4,104,15,8,10
954,4,104,17,15,11
955,4,104,15,6,1
956,4,104,11,6,11
957,4,104,17,8,10
958,4,104,10,9,27
959,4,104,15,11,30
960,4,104,13,10,10
961,4,104,16,7,9
962,4,104,14,14,2
963,4,104,16,11,10
964,4,104,16,7,2
965,4,104,12,7,12
966,4,104,16,10,2
967,4,104,17,5,1
968,4,104,16,5,2
969,4,104,17,13,27
970,4,104,17,13,9
971,4,104,10,8,11
972,4,104,16,10,2
973,5,104,17,7,1
974,5,104,16,9,0
975,5,104,14,11,1
976,5,104,16,10,2
977,5,104,15,12,0
978,5,104,14,13,2
979,5,104,14,7,0
980,5,104,16,12,0
981,5,104,14,8,3
982,5,104,15,11,2
983,5,104,12,11,1
984,5,104,18,7,3
985,5,104,9,8,3
986,5,104,16,9,1
987,5,104,17,11,3
988,5,104,17,8,1
989,5,104,17,5,0
990,5,104,16,8,0
991,5,104,14,8,27
992,5,104,15,14,4
993,5,104,16,10,3
994,5,104,13,6,1
995,5,104,16,12,3
996,5,104,15,8,3
997,5,104,17,7,3
998,5,104,19,6,5
999,5,104,15,10,12
1000,5,104,15,5,1
1001,5,104,11,9,13
1002,5,104,16,9,4
1003,5,104,16,6,2
1004,5,104,13,13,2
1005,5,104,16,9,4
1006,5,104,16,9,4
1007,5,104,17,11,5
1008,5,104,16,13,2
1009,5,104,14,4,3
1010,5,104,16,3,4
1011,5,104,18,12,6
1012,5,104,17,10,6
1013,5,104,16,9,2
1014,5,104,17,14,3
1015,5,104,13,7,1
1016,5,104,18,9,2
1017,5,104,16,12,31
1018,5,104,17,7,28
1019,5,104,17,7,3
1020,5,104,16,5,2
1021,5,104,18,10,1
1022,5,104,17,10,5
1023,5,104,14,7,1
1024,5,104,14,8,2
1025,5,104,17,8,1
1026,5,104,19,14,3
1027,5,104,13,13,0
1028,5,104,17,10,3
1029,5,104,16,15,4
1030,5,104,19,8,5
1031,5,104,17,6,2
1032,5,104,18,6,1
1033,5,104,11,11,5
1034,5,104,18,9,5
1035,5,104,17,10,6
1036,5,104,15,7,1
1037,5,104,17,10,5
1038,5,104,17,13,2
1039,5,104,15,10,5
1040,5,104,18,11,4
1041,5,104,15,13,9
1042,5,104,17,4,5
1043,5,104,17,12,6
1044,5,104,12,10,14
1045,5,104,18,11,7
1046,5,104,18,2,1
1047,5,104,11,6,1
1048,5,104,18,12,5
1049,5,104,15,5,5
1050,5,104,19,13,7
1051,5,104,16,7,6
1052,5,104,19,9,2
1053,5,104,12,6,2
1054,5,104,18,11,7
1055,5,104,18,6,3
1056,5,104,20,14,8
1057,5,104,14,6,6
1058,5,104,16,9,3
1059,5,104,18,14,7
1060,5,104,9,9,4
1061,5,104,17,4,1
1062,5,104,19,10,8
1063,5,104,19,11,3
1064,5,104,20,15,5
1065,5,104,19,12,6
1066,5,104,17,13,3
1067,5,104,19,12,9
1068,5,104,18,8,4
1069,5,104,18,10,7
1070,5,104,15,9,3
1071,5,104,8,8,31
1072,5,104,18,14,28
1073,5,104,19,7,4
1074,5,104,15,7,7
1075,5,104,16,4,2
1076,5,104,18,5,8
1077,5,104,20,12,4
1078,5,104,20,7,7
1079,5,104,17,8,3
1080,5,104,18,9,4
1081,5,104,9,9,32
1082,5,104,17,13,32
1083,5,104,18,14,4
1084,5,104,10,6,4
1085,5,104,16,7,8
1086,5,104,11,10,5
1087,5,104,15,8,6
1088,5,104,18,6,8
1089,5,104,15,8,2
1090,5,104,18,13,8
1091,5,104,17,11,10
1092,5,104,21,13,5
1093,5,104,20,13,11
1094,5,104,20,13,7
1095,5,104,18,12,12
1096,5,104,19,8,12
1097,5,104,17,5,4
1098,5,104,13,11,15
1099,5,104,17,8,9
1100,5,104,18,5,2
1101,5,104,21,15,9
1102,5,104,18,10,8
1103,5,104,16,9,7
1104,5,104,19,11,8
1105,5,104,13,9,5
1106,5,104,18,9,2
1107,5,104,22,16,10
1108,5,104,20,8,5
1109,5,104,19,10,3
1110,5,104,20,9,13
1111,5,104,11,10,28
1112,5,104,18,6,5
1113,5,104,19,7,2
1114,5,104,16,9,4
1115,5,104,18,9,5
1116,5,104,18,7,5
1117,5,104,19,10,33
1118,5,104,20,11,34
1119,5,104,13,7,4
1120,5,104,12,11,29
1121,5,104,21,8,9
1122,5,104,23,17,11
1123,5,104,19,8,5
1124,5,104,18,11,10
1125,5,104,16,5,9
1126,5,104,17,10,8
1127,5,104,16,11,9
1128,5,104,22,14,6
1129,5,104,15,7,4
1130,5,104,19,10,5
1131,5,104,17,12,10
1132,5,104,24,18,12
1133,5,104,15,5,5
1134,5,104,18,11,10
1135,5,104,17,16,6
1136,5,104,12,12,14
1137,5,104,25,19,13
1138,5,104,19,14,5
1139,5,104,19,16,6
1140,5,104,17,10,6
1141,5,104,16,6,7
1142,5,104,20,17,8
1143,5,104,18,11,16
1144,5,104,10,10,5
1145,5,104,14,14,6
1146,5,104,10,10,33
1147,5,104,20,11,10
1148,5,104,18,11,10
1149,5,104,17,10,6
1150,5,104,19,15,14
1151,5,104,18,9,11
1152,5,104,19,9,6
1153,5,104,20,15,6
1154,5,104,18,6,8
1155,5,104,19,11,10
1156,5,104,19,7,6
1157,5,104,20,10,7
1158,5,104,19,11,11
1159,5,104,18,14,33
1160,5,104,17,6,12
1161,5,104,13,13,15
1162,5,104,20,16,15
1163,5,104,18,8,16
1164,5,104,19,5,5
1165,5,104,21,16,7
1166,5,104,16,8,5
1167,5,104,16,6,7
1168,5,104,17,5,6
1169,5,104,15,15,7
1170,5,104,12,11,7
1171,5,104,19,15,6
1172,5,104,20,8,7
1173,5,104,21,9,7
1174,5,104,20,9,8
1175,5,104,21,9,8
1176,5,104,19,9,4
1177,5,104,14,14,7
1178,5,104,21,14,16
1179,5,104,18,15,5
1180,5,104,18,6,8
1181,5,104,22,10,8
1182,5,104,22,9,11
1183,5,104,20,11,7
1184,5,104,19,13,12
1185,5,104,17,7,9
1186,5,104,18,6,6
1187,5,104,18,3,9
1188,5,104,20,13,11
1189,5,104,19,7,13
1190,5,104,17,9,9
1191,5,104,12,7,10
1192,5,104,19,7,9
1193,5,104,20,14,13
1194,5,104,20,8,8
1195,5,104,18,8,12
1196,5,104,19,12,14
1197,5,104,23,11,10
1198,5,104,14,12,17
1199,5,104,21,8,3
1200,5,104,15,10,8
1201,5,104,19,10,15
1202,5,104,19,9,17
1203,5,104,19,17,10
1204,5,104,21,15,16
1205,5,104,15,13,18
1206,5,104,19,10,10
1207,5,104,21,10,18
1208,5,104,17,9,7
1209,5,104,21,18,11
1210,5,104,16,16,9
1211,5,104,14,14,19
1212,5,104,16,7,6
1213,5,104,22,17,8
1214,5,104,18,5,24
1215,5,104,16,14,19
1216,5,104,18,7,11
1217,5,104,20,8,15
1218,5,104,18,13,11
1219,5,104,19,15,11
1220,5,104,19,7,9
1221,5,104,21,8,11
1222,5,104,19,8,12
1223,5,104,19,15,34
1224,5,104,20,10,20
1225,5,104,20,11,8
1226,5,104,19,6,13
1227,5,104,20,14,17
1228,5,104,20,6,9
1229,5,104,21,7,10
1230,5,104,19,4,13
1231,5,104,21,11,8
1232,5,104,21,15,29
1233,5,104,20,6,7
1234,5,104,20,9,7
1235,5,104,20,12,14
1236,5,104,19,11,12
1237,5,104,20,16,35
1238,5,104,20,8,11
1239,5,104,19,9,29
1240,5,104,20,13,16
1241,5,104,20,7,14
1242,5,104,20,5,15
1243,5,104,21,16,11
1244,5,104,21,7,16
1245,5,104,19,6,6
1246,5,104,22,13,4
1247,5,104,22,12,9
1248,5,104,13,8,12
1249,5,104,22,10,11
1250,5,104,21,14,12
1251,5,104,21,15,18
1252,5,104,21,17,36
1253,5,104,14,9,13
1254,5,104,10,3,6
1255,5,104,18,12,5
1256,5,104,20,9,12
1257,5,104,20,6,5
1258,5,104,18,6,8
1259,5,104,18,8,30
1260,5,104,21,10,8
1261,5,104,19,9,15
1262,5,104,22,9,12
1263,5,104,23,14,6
1264,5,104,20,5,16
1265,5,104,22,9,7
1266,5,104,19,5,13
1267,5,104,22,8,12
1268,5,104,20,11,13
1269,5,104,22,19,12
1270,5,104,17,8,9
1271,5,104,20,18,13
1272,5,104,22,18,37
1273,5,104,20,13,20
1274,5,104,15,15,21
1275,5,104,21,8,17
1276,5,104,22,10,10
1277,5,104,20,12,17
1278,5,104,16,8,12
1279,5,104,18,10,10
1280,5,104,21,14,21
1281,5,104,19,9,31
1282,5,104,20,7,7
1283,5,104,23,10,14
1284,5,104,20,9,18
1285,5,104,20,9,10
1286,5,104,19,14,14
1287,5,104,21,12,15
1288,5,104,15,15,10
1289,5,104,21,10,17
1290,5,104,26,20,16
1291,5,104,20,12,19
1292,5,104,23,18,9
1293,5,104,21,11,14
1294,5,104,22,11,22
1295,5,104,11,4,7
1296,5,104,19,8,11
1297,5,104,15,10,15
1298,5,104,17,9,13
1299,5,104,22,10,11
1300,5,104,20,5,8
1301,5,104,20,7,8
1302,5,104,16,16,23
1303,5,104,20,16,8
1304,5,104,21,9,17
1305,5,104,22,6,18
1306,5,104,21,9,8
1307,5,104,22,11,12
1308,5,104,16,11,16
1309,5,104,15,8,7
1310,5,104,24,12,15
1311,5,104,21,10,30
1312,5,104,12,10,8
1313,5,104,23,8,18
1314,5,104,20,8,8
1315,5,104,16,16,11
1316,5,104,17,12,17
1317,5,104,21,11,6
1318,5,104,24,15,9
1319,5,104,20,9,7
1320,5,104,22,13,19
1321,5,104,19,13,10
1322,5,104,21,12,20
1323,5,104,23,20,13
1324,5,104,24,11,15
1325,5,104,22,13,23
1326,5,104,21,9,11
1327,5,104,20,11,10
1328,5,104,20,8,17
1329,5,104,16,15,16
1330,5,104,17,17,24
1331,5,104,21,10,20
1332,5,104,21,10,9
1333,5,104,24,19,10
1334,5,104,22,6,19
1335,5,104,22,10,9
1336,5,104,14,8,9
1337,5,104,24,9,19
1338,5,104,22,11,10
1339,5,104,17,15,21
1340,5,104,21,12,11
1341,5,104,22,16,19
1342,5,104,21,7,10
1343,5,104,22,7,20
1344,5,104,22,15,24
1345,5,104,23,7,10
1346,5,104,16,7,11
1347,5,104,23,15,25
1348,5,104,20,15,16
1349,5,104,24,21,14
1350,5,104,22,8,11
1351,5,104,22,17,13
1352,5,104,22,13,17
1353,5,104,17,10,10
1354,5,104,21,14,13
1355,5,104,23,6,25
1356,5,104,13,12,30
1357,5,104,11,11,12
1358,5,104,22,10,17
1359,5,104,22,12,10
1360,5,104,22,10,10
1361,5,104,25,12,18
1362,5,104,12,12,13
1363,5,104,18,16,22
1364,5,104,18,18,25
1365,5,104,21,10,13
1366,5,104,25,13,18
1367,5,104,27,21,17
1368,5,104,23,11,13
1369,5,104,22,11,20
1370,5,104,17,8,12
1371,5,104,18,9,13
1372,5,104,22,10,18
1373,5,104,22,11,14
1374,5,104,21,6,10
1375,5,104,18,10,12
1376,5,104,24,7,26
1377,5,104,20,10,15
1378,5,104,21,10,8
1379,5,104,23,7,21
1380,5,104,22,16,14
1381,5,104,13,13,14
1382,5,104,22,12,12
1383,5,104,21,19,18
1384,5,104,28,22,18
1385,5,104,21,13,21
1386,5,104,21,11,12
1387,5,104,21,8,10
1388,5,104,23,12,19
1389,5,104,23,12,21
1390,5,104,22,11,9
1391,5,104,19,10,14
1392,5,104,21,8,11
1393,5,104,23,9,13
1394,5,104,22,14,22
1395,5,104,23,12,17
1396,5,104,18,13,18
1397,5,104,29,23,20
1398,5,104,15,7,10
1399,5,104,22,9,19
1400,5,104,22,11,23
1401,5,104,22,11,31
1402,5,104,23,12,10
1403,5,104,19,14,19
1404,5,104,22,7,10
1405,5,104,23,11,26
1406,5,104,18,8,14
1407,5,104,19,19,27
1408,5,104,23,12,20
1409,5,104,24,13,18
1410,5,104,24,13,21
1411,5,104,17,10,12
1412,5,104,19,11,11
1413,5,104,21,16,18
1414,5,104,25,10,21
1415,5,104,19,10,15
1416,5,104,26,11,22
1417,5,104,21,17,11
1418,5,104,24,12,14
1419,5,104,25,20,13
1420,5,104,22,10,12
1421,5,104,23,15,24
1422,5,104,16,9,12
1423,5,104,23,16,27
1424,5,104,16,11,11
1425,5,104,22,12,13
1426,5,104,22,7,11
1427,5,104,24,12,21
1428,5,104,11,11,34
1429,5,104,25,13,15
1430,5,104,12,12,35
1431,5,104,23,12,32
1432,5,104,23,12,21
1433,5,104,22,13,23
1434,5,104,23,16,30
1435,5,104,22,12,11
1436,5,104,21,11,15
1437,5,104,17,17,14
1438,5,104,22,3,13
1439,5,104,26,21,14
1440,5,104,17,14,11
1441,5,104,24,17,28
1442,5,104,24,8,22
1443,5,104,23,11,15
1444,5,104,26,14,16
1445,5,104,24,13,22
1446,5,104,27,15,17
1447,5,104,17,16,23
1448,5,104,22,13,13
1449,5,104,22,18,12
1450,5,104,23,9,14
1451,5,104,25,16,15
1452,5,104,23,12,28
1453,5,104,20,12,13
1454,5,104,19,12,24
1455,5,104,12,9,23
1456,5,104,24,7,13
1457,5,104,23,9,13
1458,5,104,23,14,12
1459,5,104,24,16,25
1460,5,104,24,13,23
1461,5,104,23,13,14
1462,5,104,25,18,29
1463,5,104,26,14,24
1464,5,104,13,13,36
1465,5,104,25,17,26
1466,5,104,23,9,24
1467,5,104,14,14,15
1468,5,104,23,13,12
1469,5,104,22,9,13
1470,5,104,19,17,24
1471,5,104,23,14,22
1472,5,104,22,17,30
1473,5,104,23,6,24
1474,5,104,25,8,27
1475,5,104,22,17,19
1476,5,104,18,9,15
1477,5,104,24,15,13
1478,5,104,14,14,37
1479,5,104,24,13,14
1480,5,104,20,15,23
1481,5,104,19,11,15
1482,5,104,14,13,31
1483,5,104,24,14,15
1484,5,104,19,10,15
1485,5,104,24,8,14
1486,5,104,24,12,14
1487,5,104,24,11,13
1488,5,104,18,11,14
1489,5,104,20,12,16
1490,5,104,24,12,35
1491,5,104,25,12,14
1492,5,104,20,11,16
1493,5,104,25,11,25
1494,5,104,26,18,27
1495,5,104,18,17,26
1496,5,104,24,10,16
1497,5,104,25,14,15
1498,5,104,20,18,25
1499,5,104,23,19,14
1500,5,104,23,10,32
1501,5,104,22,9,15
1502,5,104,23,11,16
1503,5,104,25,11,17
1504,5,104,18,15,14
1505,5,104,22,10,24
1506,5,104,13,10,24
1507,5,104,25,14,22
1508,5,104,21,13,17
1509,5,104,23,12,28
1510,5,104,25,12,14
1511,5,104,25,14,19
1512,5,104,24,17,31
1513,5,104,26,12,27
1514,5,104,23,15,14
1515,5,104,23,12,15
1516,5,104,25,13,25
1517,5,104,23,12,16
1518,5,104,24,10,16
1519,5,104,24,17,16
1520,5,104,22,11,20
1521,5,104,24,10,15
1522,5,104,27,13,28
1523,5,104,24,10,18
1524,5,104,19,16,15
1525,5,104,25,18,32
1526,5,104,21,9,17
1527,5,104,24,9,15
1528,5,104,25,10,16
1529,5,104,25,16,16
1530,5,104,25,10,17
1531,5,104,24,8,24
1532,5,104,23,12,20
1533,5,104,26,15,16
1534,5,104,21,9,18
1535,5,104,23,17,28
1536,5,104,17,17,16
1537,5,104,25,14,22
1538,5,104,26,14,26
1539,5,104,21,19,26
1540,5,104,20,17,17
1541,5,104,26,15,23
1542,5,104,25,15,18
1543,5,104,25,13,25
1544,5,104,25,11,17
1545,5,104,25,14,28
1546,5,104,26,19,30
1547,5,104,28,16,19
1548,5,104,26,15,29
1549,5,104,25,18,21
1550,5,104,25,10,29
1551,5,104,26,19,33
1552,5,104,26,12,18
1553,5,104,27,20,31
1554,5,104,25,18,17
1555,5,104,19,12,15
1556,5,104,22,14,18
1557,5,104,25,13,31
1558,5,104,25,4,17
1559,5,104,26,15,21
1560,5,104,26,6,25
1561,5,104,20,20,32
1562,5,104,27,15,27
1563,5,104,24,8,15
1564,5,104,20,13,29
1565,5,104,21,13,15
1566,5,104,20,10,18
1567,5,104,23,10,16
1568,5,104,20,16,30
1569,5,104,26,13,36
1570,5,104,26,15,23
1571,5,104,24,7,30
1572,5,104,27,12,30
1573,5,104,26,12,18
1574,5,104,24,13,26
1575,5,104,22,20,27
1576,5,104,25,11,34
1577,5,104,17,10,16
1578,5,104,26,11,17
1579,5,104,24,13,33
1580,5,104,25,8,24
1581,5,104,15,15,18
1582,5,104,26,9,28
1583,5,104,26,9,27
1584,5,104,23,15,19
1585,5,104,26,8,17
1586,5,104,26,7,28
1587,5,104,27,20,34
1588,5,104,26,9,16
1589,5,104,18,6,17
1590,5,104,27,16,25
1591,5,104,28,21,35
1592,5,104,25,13,17
1593,5,104,24,13,22
1594,5,104,27,12,20
1595,5,104,14,5,18
1596,5,104,27,13,31
1597,5,104,21,16,27
1598,5,104,26,13,18
1599,5,104,26,9,28
1600,5,104,28,17,26
1601,5,104,26,19,18
1602,5,104,28,14,32
1603,5,104,24,18,32
1604,5,104,25,14,26
1605,5,104,26,14,32
1606,5,104,21,17,32
1607,5,104,23,11,17
1608,5,104,29,17,20
1609,5,104,15,15,38
1610,5,104,22,11,19
1611,5,104,25,15,18
1612,5,104,19,12,17
1613,5,104,24,7,16
1614,5,104,28,13,31
1615,5,104,23,12,20
1616,5,104,27,22,19
1617,5,104,21,21,33
1618,5,104,23,4,18
1619,5,104,27,14,19
1620,5,104,24,16,19
1621,5,104,23,19,38
1622,5,104,26,5,19
1623,5,104,29,22,36
1624,5,104,18,18,19
1625,5,104,27,17,18
1626,5,104,21,11,19
1627,5,104,27,12,37
1628,5,104,24,11,18
1629,5,104,22,22,34
1630,5,104,23,8,12
1631,5,104,24,20,39
1632,5,104,22,17,28
1633,5,104,28,16,28
1634,5,104,22,12,20
1635,5,104,26,16,19
1636,5,104,15,14,35
1637,5,104,18,18,18
1638,5,104,25,19,33
1639,5,104,27,7,29
1640,5,104,27,12,21
1641,5,104,24,18,34
1642,5,104,25,21,40
1643,5,104,27,13,19
1644,5,104,26,22,41
1645,5,104,27,8,30
1646,5,104,28,13,21
1647,5,104,26,11,32
1648,5,104,26,13,20
1649,5,104,22,12,19
1650,5,104,15,6,19
1651,5,104,28,21,32
1652,5,104,23,9,20
1653,5,104,27,9,20
1654,5,104,28,14,20
1655,5,104,24,14,13
1656,5,104,26,12,35
1657,5,104,24,14,23
1658,5,104,26,10,21
1659,5,104,26,9,27
1660,5,104,24,11,20
1661,5,104,28,14,33
1662,5,104,27,17,21
1663,5,104,20,13,20
1664,5,104,25,12,19
1665,5,104,24,13,14
1666,5,104,23,18,29
1667,5,104,29,15,34
1668,5,104,29,15,21
1669,5,104,24,13,20
1670,5,104,23,18,20
1671,5,104,28,13,18
1672,5,104,29,19,24
1673,5,104,29,17,29
1674,5,104,28,9,31
1675,5,104,25,14,35
1676,5,104,23,12,21
1677,5,104,24,19,22
1678,5,104,19,19,21
1679,5,104,18,8,19
1680,5,104,20,13,19
1681,5,104,28,8,32
1682,5,104,27,8,35
1683,5,104,27,12,23
1684,5,104,28,13,38
1685,5,104,25,17,23
1686,5,104,24,13,33
1687,5,104,27,10,28
1688,5,104,27,13,36
1689,5,104,28,14,37
1690,5,104,23,23,36
1691,5,104,24,24,37
1692,5,104,29,14,30
1693,5,104,19,9,20
1694,5,104,28,13,24
1695,5,104,25,20,25
1696,5,104,27,10,19
1697,5,104,23,10,20
1698,5,104,22,18,21
1699,5,104,29,18,21
1700,5,104,28,13,21
1701,5,104,25,14,34
1702,5,104,16,16,20
1703,5,104,27,9,21
1704,5,104,27,11,21
1705,5,104,29,15,38
1706,5,104,16,7,20
1707,5,104,17,8,21
1708,5,104,28,17,20
1709,5,104,25,8,17
1710,5,104,28,10,22
1711,5,104,29,14,35
1712,5,104,26,20,18
1713,5,104,30,16,36
1714,5,104,27,12,36
1715,5,104,27,21,19
1716,5,104,27,10,33
1717,5,104,25,14,25
1718,5,104,23,21,28
1719,5,104,25,12,25
1720,5,104,25,15,15
1721,5,104,21,7,22
1722,5,104,23,19,22
1723,5,104,26,9,20
1724,5,104,26,15,26
1725,5,104,28,15,22
1726,5,104,27,14,37
1727,5,104,23,11,28
1728,5,104,23,14,21
1729,5,104,22,14,21
1730,5,104,27,11,22
1731,5,104,29,9,34
1732,5,104,28,23,22
1733,5,104,28,9,37
1734,5,104,28,22,21
1735,5,104,24,15,22
1736,5,104,26,15,27
1737,5,104,25,8,22
1738,5,104,30,20,28
1739,5,104,25,12,25
1740,5,104,31,17,37
1741,5,104,29,16,33
1742,5,104,26,13,26
1743,5,104,30,17,34
1744,5,104,29,10,38
1745,5,104,26,18,25
1746,5,104,28,19,29
1747,5,104,20,10,22
1748,5,104,24,12,29
1749,5,104,27,14,35
1750,5,104,29,14,22
1751,5,104,25,12,16
1752,5,104,20,20,22
1753,5,104,22,18,38
1754,5,104,30,15,23
1755,5,104,30,24,29
1756,5,104,28,15,28
1757,5,104,28,14,34
1758,5,104,29,23,22
1759,5,104,24,11,21
1760,5,104,29,11,23
1761,5,104,29,16,30
1762,5,104,29,16,23
1763,5,104,22,18,38
1764,5,104,30,17,31
1765,5,104,30,16,23
1766,5,104,30,16,39
1767,5,104,29,10,36
1768,5,104,24,11,22
1769,5,104,28,11,31
1770,5,104,25,10,23
1771,5,104,27,16,29
1772,5,104,26,16,37
1773,5,104,30,11,22
1774,5,104,23,15,22
1775,5,104,29,24,24
1776,5,104,24,13,22
1777,5,104,17,17,22
1778,5,104,25,14,23
1779,5,104,27,17,38
1780,5,104,29,14,26
1781,5,104,29,15,32
1782,5,104,27,23,42
1783,5,104,27,15,37
1784,5,104,31,17,24
1785,5,104,29,10,23
1786,5,104,30,23,38
1787,5,104,29,14,23
1788,5,104,24,13,23
1789,5,104,28,13,24
1790,5,104,28,11,37
1791,5,104,29,16,39
1792,5,104,31,25,32
1793,5,104,26,9,16
1794,5,104,26,14,23
1795,5,104,28,16,23
1796,5,104,30,11,39
1797,5,104,31,12,40
1798,5,104,27,11,23
1799,5,104,25,14,24
1800,5,104,28,20,39
1801,5,104,31,18,32
1802,5,104,26,5,24
1803,5,104,31,16,24
1804,5,104,28,12,24
1805,5,104,25,10,25
1806,5,104,24,19,33
1807,5,104,30,12,24
1808,5,104,26,16,17
1809,5,104,29,14,23
1810,5,104,26,15,26
1811,5,104,30,15,24
1812,5,104,25,20,34
1813,5,104,32,13,41
1814,5,104,32,19,33
1815,5,104,27,15,30
1816,5,104,28,6,23
1817,5,104,18,11,34
1818,5,104,30,15,24
1819,5,104,30,15,37
1820,5,104,24,12,24
1821,5,104,29,10,25
1822,5,104,27,10,35
1823,5,104,32,18,25
1824,5,104,28,12,25
1825,5,104,30,14,26
1826,5,104,31,12,23
1827,5,104,30,17,26
1828,5,104,28,14,24
1829,5,104,30,13,27
1830,5,104,19,19,25
1831,5,104,32,17,25
1832,5,104,25,14,37
1833,5,104,25,8,18
1834,5,104,30,25,25
1835,5,104,32,26,33
1836,5,104,25,13,24
1837,5,104,21,11,24
1838,5,104,29,12,34
1839,6,104,27,16,0
1840,6,104,24,14,25
1841,6,104,26,15,26
1842,6,104,27,14,29
1843,6,104,27,10,25
1844,6,104,30,15,27
1845,6,104,28,17,1
1846,6,104,18,18,25
1847,6,104,19,9,25
1848,6,104,31,24,0
1849,6,104,25,12,25
1850,6,104,30,13,1
1851,6,104,16,15,1
1852,6,104,28,15,1
1853,6,104,32,18,0
1854,6,104,29,16,1
1855,6,104,26,14,19
1856,6,104,33,18,26
1857,6,104,27,10,19
1858,6,104,29,11,0
1859,6,104,28,14,1
1860,6,104,27,15,25
1861,6,104,26,14,26
1862,6,104,29,16,1
1863,6,104,32,25,1
1864,6,104,29,10,1
1865,6,104,33,26,2
1866,6,104,27,15,20
1867,6,104,30,17,25
1868,6,104,30,24,25
1869,6,104,25,14,26
1870,6,104,29,18,2
1871,6,104,31,20,1
1872,6,104,29,16,2
1873,6,104,26,13,2
1874,6,104,30,11,2
1875,6,104,24,8,24
1876,6,104,28,11,0
1877,6,104,30,10,2
1878,6,104,26,12,26
1879,6,104,33,27,3
1880,6,104,24,19,2
1881,6,104,28,10,2
1882,6,104,30,11,26
1883,6,104,24,13,26
1884,6,104,29,13,27
1885,6,104,24,20,25
1886,6,104,25,15,26
1887,6,104,31,18,1
1888,6,104,25,25,1
1889,6,104,31,12,3
1890,6,104,30,15,2
1891,6,104,31,12,27
1892,6,104,31,15,28
1893,6,104,30,14,28
1894,6,104,27,21,28
1895,6,104,29,16,2
1896,6,104,21,21,26
1897,6,104,26,16,3
1898,6,104,30,12,4
1899,6,104,30,17,3
1900,6,104,32,22,3
1901,6,104,30,18,2
1902,6,104,27,15,1
1903,6,104,29,13,3
1904,6,104,30,7,26
1905,6,104,26,13,34
1906,6,104,26,13,26
1907,6,104,27,6,27
1908,6,104,28,16,27
1909,6,104,33,14,4
1910,6,104,28,24,43
1911,6,104,21,14,26
1912,7,104,30,18,5
1913,7,104,27,9,0
1914,7,104,25,9,1
1915,7,104,26,26,2
1916,7,104,32,19,4
1917,7,104,28,16,2
1918,7,104,29,15,3
1919,7,104,27,17,5
1920,7,104,30,17,4
1921,7,104,34,15,5
1922,7,104,31,11,4
1923,7,104,30,17,4
1924,7,104,30,12,0
1925,7,104,31,16,4
1926,7,104,29,17,1
1927,7,104,31,16,1
1928,7,104,25,16,1
1929,7,104,28,17,3
1930,7,104,31,11,2
1931,7,104,27,16,1
1932,7,104,27,16,2
1933,7,104,33,19,3
1934,7,104,26,16,1
1935,7,104,32,21,5
1936,7,104,29,16,3
1937,7,104,31,19,5
1938,7,104,31,15,1
1939,7,104,29,13,2
1940,7,104,31,15,3
1941,7,104,25,20,4
1942,7,104,31,18,2
1943,7,104,31,14,4
1944,7,104,31,16,1
1945,7,104,25,21,2
1946,7,104,28,20,1
1947,7,104,28,13,1
1948,7,104,31,14,2
1949,7,104,28,11,0
1950,7,104,34,28,5
1951,7,104,29,11,4
1952,7,104,28,17,5
1953,7,104,26,10,2
1954,7,104,31,15,3
1955,7,104,32,17,2
1956,7,104,32,13,2
1957,7,104,29,18,6
1958,7,104,30,19,7
1959,7,104,28,20,5
1960,7,104,33,20,7
1961,7,104,17,16,3
1962,7,104,32,16,3
1963,7,104,29,11,4
1964,7,104,26,22,3
1965,7,104,30,18,1
1966,7,104,27,13,2
1967,7,104,16,16,4
1968,7,104,31,13,3
1969,7,104,29,12,1
1970,7,104,22,22,2
1971,7,104,30,22,3
1972,7,104,30,19,2
1973,7,104,32,15,8
1974,7,104,31,20,8
1975,7,104,29,14,2
1976,7,104,31,19,6
1977,7,104,25,12,0
1978,7,104,31,16,4
1979,7,104,32,18,3
1980,7,104,28,17,3
1981,7,104,30,18,3
1982,7,104,30,12,5
1983,7,104,31,20,3
1984,7,104,31,21,4
1985,7,104,19,19,3
1986,7,104,32,13,6
1987,7,104,31,17,8
1988,7,104,17,11,4
1989,7,104,32,17,2
1990,7,104,30,14,4
1991,7,104,17,17,5
1992,7,104,20,20,2
1993,7,104,27,23,4
1994,7,104,33,19,4
1995,7,104,33,16,5
1996,7,104,28,14,4
1997,7,104,26,21,6
1998,7,104,29,15,5
1999,7,104,31,15,5
2000,7,104,27,16,3
2001,7,104,31,9,4
2002,7,104,33,22,6
2003,7,104,32,16,7
2004,7,104,32,15,7
2005,7,104,31,18,5
2006,7,104,32,19,6
2007,7,104,31,11,6
2008,7,104,31,19,3
2009,7,104,32,19,4
2010,7,104,33,14,7
2011,7,104,32,19,3
2012,7,104,32,18,9
2013,7,104,31,13,2
2014,7,104,18,12,6
2015,7,104,33,14,3
2016,7,104,31,25,3
2017,7,104,34,21,8
2018,7,104,33,17,4
2019,7,104,32,18,6
2020,7,104,32,21,9
2021,7,104,34,23,7
2022,7,104,33,19,5
2023,7,104,28,17,4
2024,7,104,33,11,1
2025,7,104,34,17,8
2026,7,104,32,12,5
2027,7,104,31,23,5
2028,7,104,35,18,9
2029,7,104,29,14,3
2030,7,104,30,12,6
2031,7,104,32,24,6
2032,7,104,33,18,4
2033,7,104,33,17,6
2034,7,104,28,14,6
2035,7,104,28,10,1
2036,7,104,29,11,2
2037,7,104,33,15,4
2038,7,104,31,11,6
2039,7,104,20,12,10
2040,7,104,32,16,6
2041,7,104,27,11,4
2042,7,104,30,16,7
2043,7,104,32,10,5
2044,7,104,33,22,7
2045,7,104,34,23,8
2046,7,104,31,8,4
2047,7,104,29,14,4
2048,7,104,33,18,8
2049,7,104,36,19,10
2050,7,104,34,20,6
2051,7,104,37,20,11
2052,7,104,32,13,2
2053,7,104,33,20,5
2054,7,104,32,26,4
2055,7,104,21,21,4
2056,7,104,28,24,6
2057,7,104,26,13,2
2058,7,104,30,16,8
2059,7,104,28,22,5
2060,7,104,32,15,4
2061,7,104,34,15,8
2062,7,104,32,18,6
2063,7,104,33,22,10
2064,7,104,33,19,8
2065,7,104,33,20,11
2066,7,104,30,15,5
2067,7,104,31,13,9
2068,7,104,35,16,7
2069,7,104,28,14,6
2070,7,104,34,20,7
2071,7,104,34,16,6
2072,7,104,26,15,11
2073,7,104,32,14,39
2074,7,104,34,23,12
2075,7,104,28,15,5
2076,7,104,32,16,5
2077,7,104,27,27,7
2078,7,104,28,12,5
2079,7,104,28,28,8
2080,7,104,31,13,5
2081,7,104,29,17,6
2082,7,104,33,12,10
2083,7,104,21,13,11
2084,7,104,33,19,7
2085,7,104,33,17,7
2086,7,104,31,17,8
2087,7,104,33,20,5
2088,7,104,29,16,6
2089,7,104,34,21,13
2090,7,104,27,14,3
2091,7,104,30,15,6
2092,7,104,33,12,8
2093,7,104,20,20,5
2094,7,104,34,7,3
2095,7,104,29,18,6
2096,7,104,29,11,4
2097,7,104,34,20,8
2098,7,104,33,17,8
2099,7,104,27,13,3
2100,7,104,34,27,5
2101,7,104,29,29,9
2102,7,104,33,19,8
2103,7,104,34,23,12
2104,7,104,34,19,4
2105,7,104,34,16,9
2106,7,104,30,12,4
2107,7,104,31,16,5
2108,7,104,22,15,5
2109,7,104,34,11,6
2110,7,104,32,14,11
2111,7,104,34,15,6
2112,7,104,38,21,12
2113,7,104,34,18,7
2114,7,104,31,18,13
2115,7,104,35,24,9
2116,7,104,34,18,7
2117,6,104,33,16,13
2118,6,104,31,17,9
2119,6,104,34,21,6
2120,6,104,35,21,9
2121,6,104,35,16,7
2122,6,104,36,22,10
2123,6,104,32,17,12
2124,6,104,35,20,6
2125,6,104,34,12,8
2126,6,104,29,15,6
2127,6,104,35,22,7
2128,6,104,30,18,7
2129,6,104,35,17,9
2130,6,104,29,17,6
2131,6,104,30,21,8
2132,6,104,36,18,10
2133,6,104,32,13,11
2134,6,104,34,16,7
2135,6,104,35,19,8
2136,6,104,31,19,8
2137,6,104,37,19,11
2138,6,104,33,14,6
2139,6,104,32,17,6
2140,6,104,36,25,10
2141,5,104,30,19,8
2142,5,104,30,16,7
2143,5,104,30,15,6
2144,5,104,36,23,8
2145,5,104,35,24,14
2146,5,104,34,16,5
2147,5,104,27,16,12
2148,5,104,33,12,8
2149,5,104,32,21,7
2150,5,104,35,28,7
2151,5,104,28,18,11
2152,5,104,22,12,4
2153,5,104,21,21,7
2154,5,104,27,21,12
2155,5,104,36,20,9
2156,5,104,39,22,13
2157,5,104,32,14,7
2158,5,104,34,13,9
2159,5,104,34,21,7
2160,5,104,35,22,8
2161,5,104,35,11,9
2162,5,104,35,24,14
2163,5,104,23,11,7
2164,5,104,35,17,6
2165,5,104,36,18,7
2166,5,104,37,19,8
2167,5,104,36,17,8
2168,5,104,34,20,10
2169,5,104,35,21,9
2170,5,104,28,22,13
2171,5,104,29,15,9
2172,5,104,32,17,10
2173,5,104,29,18,11
2174,5,104,34,13,13
2175,5,104,37,26,11
2176,5,104,37,23,11
2177,5,104,30,19,12
2178,5,104,29,17,5
2179,5,104,33,14,5
2180,5,104,36,12,10
2181,5,104,40,23,14
2182,5,104,33,20,8
2183,5,104,34,18,10
2184,5,104,34,11,7
2185,5,104,32,18,11
2186,5,104,37,13,12
2187,5,104,30,15,11
2188,5,104,38,24,13
2189,5,104,35,16,8
2190,5,104,34,25,9
2191,5,104,38,20,9
2192,5,104,22,22,7
2193,5,104,36,29,12
2194,5,104,37,21,10
2195,5,104,36,22,10
2196,5,104,35,12,14
2197,5,104,37,24,9
2198,5,104,23,23,8
2199,5,104,33,14,14
2200,5,104,38,25,10
2201,5,104,36,25,15
2202,5,104,34,15,8
2203,5,104,37,26,16
2204,5,104,34,17,14
2205,5,104,34,15,6
2206,5,104,24,13,6
2207,5,104,38,14,14
2208,5,104,34,15,15
2209,5,104,35,19,11
2210,5,104,32,14,9
2211,5,104,30,23,9
2212,5,104,35,18,7
2213,5,104,32,9,8
2214,5,104,35,21,13
2215,5,104,33,15,40
2216,5,104,36,17,12
2217,5,104,36,13,12
2218,5,104,36,27,13
2219,5,104,36,26,10
2220,5,104,31,16,12
2221,5,104,35,13,12
2222,5,104,28,17,14
2223,5,104,35,17,11
2224,4,104,30,18,7
2225,4,104,37,18,13
2226,4,104,36,19,9
2227,4,104,32,13,8
2228,4,104,18,18,12
2229,4,104,35,8,9
2230,4,104,37,14,13
2231,4,104,39,21,10
2232,4,104,19,19,13
2233,4,104,33,10,10
2234,4,104,18,17,11
2235,4,104,31,16,9
2236,4,104,29,23,16
2237,4,104,39,12,10
2238,4,104,36,16,9
2239,4,104,41,24,15
2240,4,104,22,22,10
2241,4,104,31,16,8
2242,4,104,35,18,13
2243,4,104,36,19,14
2244,4,104,33,19,12
2245,4,104,36,9,11
2246,4,104,32,22,14
2247,4,104,34,21,11
2248,4,104,29,18,15
2249,4,104,37,17,9
2250,4,104,32,17,9
2251,4,104,33,26,7
2252,4,104,35,22,17
2253,4,104,39,26,11
2254,4,104,37,21,9
2255,4,104,30,18,9
2256,4,104,37,18,10
2257,4,104,39,15,15
2258,4,104,37,17,15
2259,4,104,22,10,10
2260,4,104,34,14,10
2261,4,104,33,17,10
2262,4,104,35,16,41
2263,4,104,35,27,8
2264,4,104,37,17,11
2265,4,104,38,20,11
2266,4,104,37,21,11
2267,4,104,35,20,11
2268,4,104,37,20,16
2269,4,104,36,29,11
2270,4,104,35,21,7
2271,4,104,38,15,14
2272,4,104,38,19,15
2273,4,104,28,14,8
2274,4,104,31,19,9
2275,4,104,28,15,11
2276,4,104,33,18,11
2277,4,104,33,14,10
2278,4,104,34,15,8
2279,4,104,31,22,14
2280,4,104,38,27,18
2281,4,104,31,20,11
2282,4,104,23,19,15
2283,4,104,30,16,12
2284,4,104,38,18,16
2285,4,104,24,16,12
2286,4,104,35,18,16
2287,4,104,37,30,12
2288,4,104,25,12,11
2289,4,104,39,28,19
2290,4,104,39,21,12
2291,4,104,34,18,16
2292,4,104,35,20,15
2293,4,104,37,10,12
2294,4,104,31,25,44
2295,4,104,29,19,16
2296,4,104,36,23,12
2297,4,104,32,18,13
2298,4,104,34,19,12
2299,4,104,34,18,12
2300,4,104,36,23,20
2301,4,104,37,24,13
2302,4,104,38,19,12
2303,4,104,35,19,13
2304,4,104,31,12,9
2305,4,104,37,18,13
2306,4,104,38,31,13
2307,4,104,31,13,10
2308,4,104,36,22,14
2309,4,104,32,16,8
2310,4,104,23,14,16
2311,4,104,19,13,14
2312,4,104,33,19,16
2313,4,104,32,20,11
2314,4,104,36,22,17
2315,4,104,35,12,11
2316,4,104,37,27,13
2317,4,104,32,19,13
2318,4,104,37,24,21
2319,4,104,35,19,21
2320,4,104,37,15,16
2321,4,104,35,13,15
2322,4,104,32,23,15
2323,4,104,31,17,13
2324,4,104,36,19,12
2325,4,104,30,17,9
2326,4,104,20,20,16
2327,4,104,36,17,42
2328,4,104,38,25,14
2329,4,104,36,21,16
2330,4,104,33,23,16
2331,4,104,31,19,16
2332,4,104,36,19,17
2333,4,104,32,13,13
2334,4,104,34,24,17
2335,4,104,23,23,12
2336,4,104,39,20,17
2337,4,104,36,17,13
2338,4,104,38,18,14
2339,4,104,36,21,13
2340,4,104,25,17,13
2341,4,104,39,32,14
2342,4,104,33,17,9
2343,4,104,29,12,18
2344,4,104,34,15,14
2345,4,104,26,14,9
2346,4,104,33,15,14
2347,4,104,33,25,10
2348,4,104,32,17,17
2349,4,104,37,20,14
2350,4,104,34,18,10
2351,4,104,37,23,18
2352,4,104,37,23,15
2353,4,104,32,18,11
2354,4,104,35,20,17
2355,4,104,35,16,17
2356,4,104,40,21,18
2357,4,104,32,21,13
2358,4,104,39,22,13
2359,4,104,30,20,19
2360,4,104,36,17,18
2361,4,104,39,20,14
2362,4,104,20,14,15
2363,4,104,41,22,19
2364,4,104,38,27,15
2365,4,104,40,23,14
2366,4,104,20,18,15
2367,4,104,39,16,16
2368,4,104,37,19,17
2369,4,104,33,18,18
2370,4,104,38,23,14
2371,4,104,33,22,14
2372,4,104,35,16,14
2373,4,104,36,20,14
2374,4,104,38,24,19
2375,4,104,33,19,17
2376,4,104,34,26,45
2377,4,104,40,16,19
2378,4,104,33,19,12
2379,4,104,34,16,15
2380,4,104,36,28,10
2381,4,104,40,22,11
2382,4,104,38,20,19
2383,4,104,24,11,11
2384,4,104,35,17,16
2385,4,104,37,20,16
2386,4,104,24,24,13
2387,4,104,35,20,16
2388,4,104,36,14,17
2389,4,104,34,20,13
2390,4,104,39,18,12
2391,4,104,34,24,18
2392,4,104,36,19,19
2393,4,104,30,30,16
2394,4,104,21,21,19
2395,4,104,31,14,35
2396,4,104,37,18,43
2397,4,104,38,13,13
2398,4,104,37,20,19
2399,4,104,21,19,17
2400,4,104,36,12,13
2401,4,104,39,28,16
2402,4,104,37,14,19
2403,4,104,39,30,18
2404,4,104,41,24,15
2405,4,104,30,19,18
2406,4,104,38,11,15
2407,4,104,36,18,20
2408,4,104,35,24,21
2409,4,104,38,14,19
2410,4,104,31,20,19
2411,4,104,30,13,20
2412,4,104,40,29,22
2413,4,104,37,29,11
2414,4,104,40,33,15
2415,4,104,31,24,19
2416,4,104,38,25,23
2417,4,104,38,24,19
2418,4,104,36,25,22
2419,4,104,32,25,20
2420,4,104,39,24,15
2421,4,104,40,22,14
2422,4,104,38,20,20
2423,4,104,37,18,21
2424,4,104,33,26,22
2425,4,104,37,22,14
2426,4,104,33,15,14
2427,4,104,22,22,21
2428,4,104,32,22,15
2429,4,104,30,18,11
2430,4,104,41,30,24
2431,4,104,25,12,12
2432,4,104,41,25,20
2433,4,104,37,20,21
2434,4,104,32,14,11
2435,4,104,31,13,11
2436,4,104,36,16,16
2437,4,104,39,25,20
2438,4,104,39,21,22
2439,4,104,23,23,23
2440,4,104,38,21,20
2441,4,104,40,25,16
2442,4,104,38,28,15
2443,4,104,41,23,15
2444,4,104,37,21,15
2445,4,104,35,27,46
2446,4,104,41,17,21
2447,4,104,39,19,22
2448,4,104,35,20,17
2449,4,104,25,25,15
2450,4,104,40,26,21
2451,4,104,31,14,22
2452,4,104,36,18,17
2453,4,104,35,16,12
2454,4,104,42,25,19
2455,4,104,40,17,20
2456,4,104,35,25,21
2457,4,104,39,19,16
2458,4,104,24,24,24
2459,4,104,40,31,22
2460,4,104,32,24,15
2461,4,104,38,21,23
2462,4,104,26,13,13
2463,4,104,36,16,20
2464,4,104,32,21,21
2465,4,104,39,13,22
2466,4,104,26,26,16
2467,4,104,36,15,22
2468,4,104,36,19,23
2469,4,104,37,20,17
2470,4,104,32,20,21
2471,4,104,39,21,16
2472,4,104,42,26,22
2473,4,104,38,16,23
2474,4,104,33,25,16
2475,4,104,42,25,16
2476,4,104,32,14,12
2477,4,104,37,18,12
2478,4,104,38,22,16
2479,4,104,38,17,16
2480,4,104,39,15,24
2481,4,104,37,21,18
2482,4,104,40,16,25
2483,4,104,33,17,18
2484,4,104,39,22,15
2485,4,104,38,25,23
2486,4,104,37,20,17
2487,4,104,37,19,18
2488,4,104,38,20,19
2489,4,104,39,26,16
2490,4,104,37,17,17
2491,4,104,39,15,23
2492,4,104,31,15,13
2493,4,104,37,20,26
2494,4,104,33,15,13
2495,4,104,34,14,22
2496,4,104,40,22,17
2497,4,104,39,16,23
2498,4,104,41,23,13
2499,4,104,38,15,14
2500,4,104,32,15,24
2501,4,104,35,20,16
2502,4,104,26,18,15
2503,4,104,34,16,14
2504,4,104,39,26,24
2505,4,104,39,25,23
2506,4,104,35,19,18
2507,4,104,39,21,19
2508,4,104,38,19,14
2509,4,104,43,26,17
2510,4,104,35,23,16
2511,4,104,42,31,25
2512,4,104,36,20,16
2513,4,104,35,15,23
2514,4,104,35,21,15
2515,4,104,38,21,27
2516,4,104,36,16,12
2517,4,104,37,21,17
2518,4,104,40,15,22
2519,4,104,42,23,22
2520,4,104,38,21,24
2521,4,104,40,23,16
2522,4,104,34,23,18
2523,4,104,43,27,24
2524,4,104,40,27,17
2525,4,104,38,21,17
2526,4,104,41,24,17
2527,4,104,40,29,17
2528,4,104,40,21,17
2529,4,104,41,17,28
2530,4,104,41,27,23
2531,4,104,27,13,13
2532,4,104,41,23,19
2533,4,104,37,26,24
2534,4,104,38,22,17
2535,4,104,40,19,14
2536,4,104,39,18,20
2537,4,104,44,27,18
2538,4,104,38,23,16
2539,4,104,34,26,18
2540,4,104,38,22,19
2541,4,104,39,13,13
2542,4,104,37,22,18
2543,4,104,40,20,24
2544,4,104,42,24,20
2545,4,104,32,16,15
2546,4,104,41,17,25
2547,4,104,33,21,25
2548,4,104,41,22,14
2549,4,104,35,17,15
2550,4,104,39,21,20
2551,4,104,36,24,18
2552,4,104,41,26,17
2553,4,104,40,19,24
2554,4,104,39,24,17
2555,4,104,34,17,16
2556,4,104,39,23,18
2557,4,104,35,22,26
2558,4,104,35,20,23
2559,4,104,42,16,23
2560,4,104,36,20,19
2561,4,104,42,18,26
2562,4,104,27,27,17
2563,4,104,35,24,21
2564,4,104,33,16,17
2565,4,104,41,30,18
2566,4,104,34,18,20
2567,4,104,43,19,27
2568,4,104,40,22,21
2569,4,104,40,26,24
2570,4,104,40,21,22
2571,4,104,28,14,15
2572,4,104,37,17,13
2573,4,104,39,21,24
2574,4,104,40,22,25
2575,4,104,39,18,18
2576,4,104,21,15,20
2577,4,104,25,25,25
2578,4,104,36,22,18
2579,4,104,36,21,24
2580,4,104,32,15,36
2581,4,104,39,22,18
2582,5,104,36,16,18
2583,5,104,34,22,19
2584,5,104,42,13,0
2585,5,104,39,22,0
2586,5,104,37,11,19
2587,5,104,41,22,19
2588,5,104,38,27,0
2589,5,104,36,26,16
2590,5,104,39,18,20
2591,5,104,31,19,14
2592,5,104,35,20,17
2593,5,104,39,20,18
2594,5,104,40,21,19
2595,5,104,38,14,0
2596,5,104,41,20,1
2597,5,104,37,23,19
2598,5,104,42,28,0
2599,5,104,29,15,17
2600,5,104,40,19,19
2601,5,104,43,17,0
2602,5,104,36,18,19
2603,5,104,41,20,20
2604,5,104,40,22,21
2605,5,104,42,23,21
2606,5,104,33,21,0
2607,5,104,37,18,19
2608,5,104,34,21,17
2609,5,104,43,29,1
2610,5,104,41,23,1
2611,5,104,42,21,21
2612,5,104,34,22,1
2613,5,104,40,22,19
2614,5,104,41,22,1
2615,5,104,36,19,19
2616,5,104,40,19,22
2617,5,104,37,17,20
2618,5,104,37,25,21
2619,5,104,42,27,18
2620,5,104,39,19,19
2621,5,104,39,15,1
2622,5,104,37,21,1
2623,5,104,43,24,22
2624,5,104,24,20,1
2625,5,104,38,18,15
2626,5,104,42,31,21
2627,5,104,43,32,0
2628,5,104,34,17,18
2629,5,104,40,24,22
2630,5,104,39,22,0
2631,5,104,30,16,18
2632,5,104,41,14,18
2633,5,104,39,22,2
2634,5,104,35,18,19
2635,5,104,40,22,1
2636,5,104,27,14,15
2637,5,104,40,17,15
2638,5,104,37,22,1
2639,5,104,38,30,16
2640,5,104,44,20,1
2641,5,104,37,19,20
2642,5,104,37,22,2
2643,5,104,42,21,2
2644,5,104,38,23,20
2645,5,104,38,26,22
2646,5,104,41,20,22
2647,5,104,38,22,2
2648,5,104,42,21,23
2649,5,104,42,21,1
2650,5,104,37,17,20
2651,5,104,38,28,1
2652,5,104,31,15,16
2653,5,104,39,27,23
2654,5,104,42,24,3
2655,5,104,36,19,20
2656,5,104,40,19,23
2657,5,104,32,20,17
2658,5,104,43,14,3
2659,5,104,42,22,1
2660,5,104,41,27,1
2661,5,104,38,26,2
2662,5,104,43,23,2
2663,5,104,40,20,21
2664,5,104,40,23,3
2665,5,104,39,19,1
2666,5,104,40,12,20
2667,5,104,35,23,22
2668,5,104,41,14,17
2669,5,104,42,34,20
2670,5,104,41,24,4
2671,5,104,43,22,2
2672,5,104,38,16,3
2673,5,104,42,25,21
2674,5,104,38,18,21
2675,5,104,38,23,3
2676,5,104,43,25,23
2677,5,104,41,18,17
2678,5,104,41,20,24
2679,5,104,40,28,24
2680,5,104,36,24,23
2681,5,104,41,29,25
2682,5,104,40,16,17
2683,5,104,35,15,18
2684,5,104,40,31,18
2685,5,104,35,14,21
2686,5,104,39,13,20
2687,5,104,27,19,21
2688,5,104,38,18,20
2689,5,104,40,27,23
2690,5,104,28,28,22
2691,5,104,36,27,25
2692,5,104,39,23,3
2693,5,104,41,23,22
2694,5,104,39,19,21
2695,5,104,43,24,19
2696,5,104,42,25,5
2697,5,104,36,22,19
2698,5,104,38,20,20
2699,5,104,38,23,2
2700,5,104,43,32,22
2701,5,104,43,22,3
2702,5,104,39,27,3
2703,5,104,43,20,20
2704,5,104,29,29,23
2705,5,104,42,29,1
2706,5,104,39,21,21
2707,5,104,41,23,3
2708,5,104,42,16,3
2709,5,104,44,15,4
2710,5,104,43,26,22
2711,5,104,42,21,26
2712,5,104,41,21,22
2713,5,104,39,29,3
2714,5,104,39,20,3
2715,5,104,44,26,24
2716,5,104,43,26,6
2717,5,104,44,27,7
2718,5,104,37,25,24
2719,5,104,44,14,3
2720,5,104,42,23,2
2721,5,104,32,31,3
2722,5,104,39,24,4
2723,5,104,37,20,23
2724,5,104,33,21,18
2725,5,104,42,21,4
2726,5,104,40,19,4
2727,5,104,36,15,23
2728,5,104,41,17,19
2729,5,104,41,28,24
2730,5,104,23,23,24
2731,5,104,44,18,2
2732,5,104,42,23,2
2733,5,104,40,24,4
2734,5,104,43,26,1
2735,5,104,37,23,21
2736,5,104,44,24,4
2737,5,104,41,22,21
2738,5,104,40,21,22
2739,5,104,39,18,23
2740,5,104,43,25,5
2741,5,104,40,21,4
2742,5,104,39,17,25
2743,5,104,44,33,23
2744,5,104,45,25,5
2745,5,104,45,21,3
2746,5,104,44,27,24
2747,5,104,38,24,21
2748,5,104,38,16,3
2749,5,104,40,21,4
2750,5,104,26,26,5
2751,5,104,43,23,22
2752,5,104,43,22,22
2753,5,104,43,32,2
2754,5,104,37,28,27
2755,5,104,32,16,19
2756,5,104,44,33,2
2757,5,104,39,19,3
2758,5,104,44,25,20
2759,5,104,42,24,24
2760,5,104,42,18,3
2761,5,104,41,32,19
2762,5,104,40,20,4
2763,5,104,33,17,21
2764,5,104,30,30,24
2765,5,104,44,22,4
2766,5,104,40,19,25
2767,5,104,39,17,4
2768,5,104,40,18,5
2769,5,104,39,21,5
2770,5,104,40,23,4
2771,5,104,43,19,4
2772,5,104,44,23,22
2773,5,104,41,22,5
2774,5,104,41,20,5
2775,5,104,34,18,23
2776,5,104,42,17,5
2777,5,104,36,18,23
2778,5,104,22,16,3
2779,5,104,35,15,23
2780,5,104,41,22,5
2781,5,104,38,26,25
2782,5,104,42,23,5
2783,5,104,33,21,2
2784,5,104,45,23,5
2785,5,104,43,35,24
2786,5,104,41,17,5
2787,5,104,44,27,5
2788,5,104,40,22,6
2789,5,104,43,17,6
2790,5,104,45,34,6
2791,5,104,35,17,20
2792,5,104,43,24,6
2793,5,104,44,22,25
2794,5,104,45,27,25
2795,5,104,44,24,23
2796,5,104,34,22,21
2797,5,104,41,28,5
2798,5,104,45,23,26
2799,5,104,42,23,6
2800,5,104,43,23,25
2801,5,104,46,35,7
2802,5,104,31,31,25
2803,5,104,45,28,23
2804,5,104,44,30,4
2805,5,104,44,25,25
2806,5,104,42,29,26
2807,5,104,34,32,5
2808,5,104,35,33,6
2809,5,104,39,27,26
2810,5,104,34,22,3
2811,5,104,36,16,24
2812,5,104,43,24,4
2813,5,104,22,20,6
2814,5,104,46,24,6
2815,5,104,36,19,5
2816,5,104,38,16,20
2817,5,104,41,22,25
2818,5,104,39,19,24
2819,5,104,46,24,27
2820,5,104,43,25,26
2821,5,104,44,26,6
2822,5,104,36,18,22
2823,5,104,39,25,22
2824,5,104,46,29,24
2825,5,104,41,20,25
2826,5,104,45,20,25
2827,5,104,40,14,22
2828,5,104,37,25,26
2829,5,104,39,17,4
2830,5,104,42,13,24
2831,5,104,42,20,3
2832,5,104,43,14,25
2833,5,104,24,24,25
2834,5,104,35,23,23
2835,5,104,41,28,5
2836,5,104,41,23,7
2837,5,104,39,17,21
2838,5,104,41,25,6
2839,5,104,43,24,5
2840,5,104,40,24,23
2841,5,104,45,25,26
2842,5,104,44,30,5
2843,5,104,42,15,23
2844,5,104,41,19,23
2845,5,104,47,36,8
2846,5,104,43,18,6
2847,5,104,46,28,27
2848,5,104,43,18,4
2849,5,104,45,19,5
2850,5,104,41,16,6
2851,5,104,25,25,26
2852,5,104,45,28,8
2853,5,104,45,24,24
2854,5,104,45,15,6
2855,5,104,43,28,25
2856,5,104,45,18,6
2857,5,104,37,19,25
2858,5,104,25,21,4
2859,5,104,41,25,7
2860,5,104,43,18,22
2861,5,104,46,21,26
2862,5,104,28,20,26
2863,5,104,44,15,26
2864,5,104,46,25,25
2865,5,104,42,15,24
2866,5,104,44,23,27
2867,5,104,45,26,26
2868,5,104,41,24,6
2869,5,104,28,15,23
2870,5,104,42,30,27
2871,6,104,44,26,7
2872,6,104,29,15,7
2873,6,104,41,18,0
2874,6,104,44,24,1
2875,6,104,40,26,0
2876,6,104,45,16,8
2877,6,104,44,23,5
2878,6,104,43,25,1
2879,6,104,40,24,6
2880,6,104,42,29,7
2881,6,104,42,23,1
2882,6,104,43,28,6
2883,6,104,44,29,7
2884,6,104,38,20,0
2885,6,104,44,25,6
2886,6,104,43,33,0
2887,6,104,37,19,1
2888,6,104,37,17,2
2889,6,104,46,29,9
2890,6,104,23,21,7
2891,6,104,47,30,10
2892,6,104,43,30,8
2893,6,104,38,16,0
2894,6,104,40,25,6
2895,6,104,41,28,1
2896,6,104,46,17,9
2897,6,104,46,22,7
2898,6,104,44,18,7
2899,6,104,41,27,1
2900,6,104,46,26,1
2901,6,104,39,17,2
2902,6,104,47,25,8
2903,6,104,45,26,0
2904,6,104,44,29,1
2905,6,104,47,18,10
2906,6,104,43,24,7
2907,6,104,45,31,6
2908,6,104,38,21,2
2909,6,104,38,16,5
2910,6,104,45,26,7
2911,6,104,43,24,3
2912,6,104,45,28,1
2913,6,104,46,20,6
2914,6,104,47,23,9
2915,6,104,44,20,7
2916,6,104,44,27,6
2917,6,104,46,28,7
2918,6,104,44,23,9
2919,6,104,45,25,2
2920,6,104,43,31,1
2921,6,104,26,26,1
2922,6,104,47,21,8
2923,6,104,45,31,7
2924,6,104,27,27,8
2925,6,104,43,24,9
2926,6,104,38,20,8
2927,6,104,40,23,7
2928,6,104,42,29,8
2929,6,104,39,21,9
2930,6,104,45,30,2
2931,6,104,30,16,9
2932,6,104,44,16,1
2933,6,104,46,27,1
2934,6,104,24,24,3
2935,6,104,44,34,1
2936,6,104,40,27,1
2937,6,104,48,31,11
2938,6,104,43,24,2
2939,6,104,48,28,10
2940,6,104,31,17,10
2941,6,104,41,23,2
2942,6,104,32,16,1
2943,6,104,41,23,10
2944,6,104,40,18,3
2945,6,104,41,28,2
2946,6,104,46,16,8
2947,6,104,43,28,5
2948,6,104,47,29,8
2949,6,104,45,21,2
2950,6,104,44,22,2
2951,6,104,42,12,2
2952,6,104,36,24,2
2953,6,104,41,20,1
2954,6,104,43,30,9
2955,6,104,47,28,2
2956,6,104,41,26,8
2957,6,104,48,30,9
2958,6,104,44,32,2
2959,6,104,44,25,8
2960,6,104,46,26,3
2961,6,104,43,25,10
2962,6,104,49,29,11
2963,6,104,44,26,8
2964,6,104,47,30,2
2965,6,104,45,30,8
2966,6,104,41,18,8
2967,6,104,45,17,2
2968,6,104,46,31,9
2969,6,104,47,26,3
2970,6,104,48,29,3
2971,6,104,42,13,2
2972,6,104,42,29,3
2973,6,104,49,30,4
2974,6,104,45,26,9
2975,6,104,46,32,10
2976,6,104,42,21,2
2977,6,104,23,17,8
2978,6,104,47,26,9
2979,6,104,45,26,3
2980,6,104,47,34,3
2981,6,104,46,24,4
2982,6,104,27,27,2
2983,6,104,42,23,4
2984,6,104,43,25,9
2985,6,104,44,19,2
2986,6,104,45,35,2
2987,6,104,44,31,9
2988,6,104,35,23,6
2989,6,104,49,31,10
2990,6,104,42,28,3
2991,6,104,46,19,11
2992,6,104,40,20,10
2993,6,104,42,19,9
2994,6,104,44,25,4
2995,6,104,41,21,11
2996,6,104,45,23,4
2997,6,104,46,24,10
2998,6,104,39,23,7
2999,6,104,45,24,3
3000,6,104,25,25,4
3001,6,104,48,37,12
3002,6,104,48,24,11
3003,6,104,46,28,10
3004,6,104,46,27,3
3005,6,104,43,30,4
3006,6,104,44,25,10
3007,6,104,45,16,4
3008,6,104,42,21,11
3009,6,104,36,24,8
3010,6,104,47,24,11
3011,6,104,41,18,3
3012,6,104,43,24,12
3013,6,104,33,17,4
3014,6,104,45,21,11
3015,6,104,40,26,3
3016,6,104,26,22,9
3017,6,104,45,26,11
3018,6,104,39,29,4
3019,6,104,46,17,5
3020,6,104,48,19,11
3021,6,104,43,19,10
3022,6,104,42,21,4
3023,6,104,47,29,11
3024,6,104,48,26,10
3025,6,104,46,24,5
3026,6,104,42,20,4
3027,6,104,45,27,10
3028,7,104,46,29,5
3029,7,104,28,28,11
3030,7,104,44,31,12
3031,7,104,46,18,3
3032,7,104,47,27,4
3033,7,104,37,25,10
3034,7,104,47,29,4
3035,7,104,47,30,6
3036,7,104,42,23,9
3037,7,104,47,33,10
3038,7,104,44,26,12
3039,7,104,47,33,12
3040,7,104,49,38,13
3041,7,104,48,30,12
3042,7,104,43,20,7
3043,7,104,46,22,5
3044,7,104,48,34,13
3045,7,104,43,29,5
3046,7,104,42,19,5
3047,7,104,48,27,11
3048,7,104,43,22,3
3049,7,104,45,26,6
3050,7,104,48,35,4
3051,7,104,44,26,13
3052,7,104,43,20,6
3053,7,104,48,25,5
3054,7,104,45,27,14
3055,7,104,47,32,10
3056,7,104,37,25,3
3057,7,104,43,22,5
3058,7,104,46,27,7
3059,7,104,37,27,12
3060,7,104,47,26,6
3061,7,104,47,25,12
3062,7,104,46,27,11
3063,7,104,45,32,11
3064,7,104,42,27,13
3065,7,104,45,33,6
3066,7,104,43,24,10
3067,7,104,48,33,11
3068,7,104,47,24,14
3069,7,104,29,29,12
3070,7,104,50,30,14
3071,7,104,44,23,4
3072,7,104,46,13,5
3073,7,104,46,21,8
3074,7,104,38,26,4
3075,7,104,48,22,11
3076,7,104,45,22,5
3077,7,104,43,25,5
3078,7,104,43,17,12
3079,7,104,46,21,12
3080,7,104,45,20,5
3081,7,104,44,18,13
3082,7,104,44,19,5
3083,7,104,40,24,11
3084,7,104,34,18,12
3085,7,104,47,22,9
3086,7,104,49,36,6
3087,7,104,39,27,6
3088,7,104,40,28,7
3089,7,104,30,30,13
3090,7,104,46,27,13
3091,7,104,48,27,11
3092,7,104,48,34,13
3093,7,104,38,20,6
3094,7,104,45,16,7
3095,7,104,46,20,12
3096,7,104,35,19,13
3097,7,104,43,26,11
3098,7,104,47,18,6
3099,7,104,46,27,14
3100,7,104,49,36,5
3101,7,104,46,17,8
3102,7,104,39,19,4
3103,7,104,49,28,12
3104,7,104,49,32,14
3105,7,104,43,28,14
3106,7,104,48,25,15
3107,7,104,46,21,9
3108,7,104,47,27,13
3109,7,104,48,31,5
3110,7,104,24,18,12
3111,7,104,47,28,8
3112,7,104,45,32,15
3113,7,104,47,28,15
3114,7,104,45,21,5
3115,7,104,38,28,13
3116,7,104,46,25,13
3117,7,104,48,27,7
3118,7,104,39,29,14
3119,7,104,31,31,16
3120,7,104,45,31,6
3121,7,104,43,24,13
3122,7,104,47,26,14
3123,7,104,40,34,13
3124,7,104,46,15,4
3125,7,104,49,25,14
3126,7,104,47,28,14
3127,7,104,46,28,14
3128,7,104,47,28,14
3129,7,104,46,32,15
3130,7,104,40,20,5
3131,7,104,27,23,12
3132,7,104,24,22,14
3133,7,104,44,25,14
3134,7,104,47,17,13
3135,7,104,48,25,15
3136,7,104,49,27,16
3137,7,104,41,29,8
3138,7,104,47,22,15
3139,7,104,49,31,13
3140,7,104,25,23,15
3141,7,104,47,25,7
3142,7,104,49,26,16
3143,7,104,47,33,16
3144,7,104,41,22,15
3145,7,104,45,19,12
3146,7,104,49,28,8
3147,7,104,44,20,14
3148,7,104,49,20,15
3149,7,104,45,24,7
3150,7,104,48,22,7
3151,7,104,46,25,7
3152,7,104,45,19,7
3153,7,104,48,28,15
3154,7,104,45,25,14
3155,7,104,48,23,16
3156,7,104,48,25,16
3157,7,104,50,29,16
3158,7,104,51,31,16
3159,7,104,48,29,17
3160,7,104,50,37,8
3161,7,104,46,29,13
3162,7,104,48,18,15
3163,7,104,50,21,16
3164,7,104,45,25,6
3165,7,104,26,24,16
3166,7,104,50,32,15
3167,7,104,48,30,7
3168,7,104,50,33,17
3169,7,104,41,18,7
3170,7,104,43,19,5
3171,7,104,44,29,16
3172,7,104,50,26,17
3173,7,104,44,14,6
3174,7,104,49,31,8
3175,7,104,50,37,8
3176,7,104,45,30,6
3177,7,104,29,21,7
3178,7,104,49,27,16
3179,7,104,48,31,10
3180,7,104,48,29,9
3181,7,104,48,28,8
3182,7,104,41,25,12
3183,7,104,51,30,17
3184,7,104,26,19,13
3185,7,104,49,35,16
3186,7,104,47,14,7
3187,7,104,50,32,13
3188,7,104,50,26,9
3189,7,104,47,20,9
3190,7,104,44,27,16
3191,7,104,49,29,18
3192,7,104,49,34,16
3193,7,104,45,22,17
3194,7,104,44,22,16
3195,7,104,50,28,17
3196,7,104,28,24,13
3197,7,104,47,28,5
3198,7,104,46,15,8
3199,7,104,46,26,17
3200,7,104,47,31,6
3201,7,104,43,30,6
3202,7,104,52,31,18
3203,7,104,47,25,7
3204,7,104,48,19,8
3205,7,104,42,19,8
3206,7,104,48,23,11
3207,7,104,46,34,9
3208,7,104,36,18,6
3209,7,104,53,32,19
3210,7,104,52,32,17
3211,7,104,46,26,9
3212,7,104,45,19,6
3213,7,104,49,30,10
3214,7,104,47,31,7
3215,7,104,43,29,9
3216,7,104,48,29,17
3217,7,104,49,27,8
3218,7,104,49,26,17
3219,7,104,51,33,17
3220,7,104,48,16,6
3221,7,104,48,21,10
3222,7,104,51,34,18
3223,7,104,48,32,8
3224,7,104,50,29,17
3225,7,104,47,22,10
3226,7,104,41,21,7
3227,7,104,51,30,18
3228,7,104,50,23,10
3229,7,104,50,27,19
3230,7,104,49,32,12
3231,7,104,51,27,11
3232,7,104,51,22,19
3233,7,104,49,30,18
3234,7,104,46,28,17
3235,7,104,50,33,13
3236,7,104,49,23,14
3237,7,104,42,26,14
3238,7,104,47,29,18
3239,7,104,50,31,9
3240,7,104,52,28,12
3241,7,104,48,27,17
3242,7,104,47,33,18
3243,7,104,44,20,7
3244,7,104,42,27,9
3245,7,104,43,24,10
3246,7,104,32,32,10
3247,7,104,48,26,9
3248,7,104,51,33,15
3249,7,104,47,35,10
3250,7,104,44,21,10
3251,7,104,45,23,18
3252,7,104,48,27,11
3253,7,104,26,26,10
3254,7,104,40,28,10
3255,7,104,45,30,17
3256,7,104,50,24,16
3257,7,104,28,28,10
3258,7,104,48,20,17
3259,7,104,52,34,17
3260,7,104,43,27,15
3261,7,104,49,33,11
3262,7,104,49,24,14
3263,7,104,52,31,19
3264,7,104,50,31,11
3265,7,104,27,25,17
3266,7,104,43,28,11
3267,7,104,51,25,17
3268,7,104,42,30,11
3269,7,104,45,20,8
3270,7,104,51,32,12
3271,7,104,49,20,9
3272,7,104,47,30,15
3273,7,104,50,24,18
3274,7,104,47,24,18
3275,7,104,47,29,19
3276,7,104,50,26,18
3277,7,104,33,33,11
3278,7,104,50,39,19
3279,7,104,51,40,20
3280,7,104,44,28,16
3281,7,104,46,36,8
3282,7,104,32,32,18
3283,7,104,50,22,7
3284,7,104,46,25,9
3285,7,104,49,26,10
3286,7,104,54,33,20
3287,7,104,47,33,17
3288,7,104,48,34,19
3289,7,104,45,24,10
3290,7,104,49,32,9
3291,7,104,48,30,19
3292,7,104,40,30,19
3293,7,104,44,17,17
3294,7,104,49,31,20
3295,7,104,45,22,12
3296,7,104,28,26,18
3297,7,104,45,21,8
3298,7,104,30,22,10
3299,7,104,45,18,18
3300,7,104,29,29,11
3301,6,104,50,34,12
3302,6,104,46,22,9
3303,6,104,52,41,21
3304,6,104,27,27,13
3305,6,104,51,17,9
3306,6,104,50,33,10
3307,6,104,44,21,12
3308,6,104,50,32,21
3309,6,104,49,26,12
3310,6,104,44,31,10
3311,6,104,48,23,12
3312,6,104,50,19,11
3313,6,104,52,18,10
3314,6,104,51,32,10
3315,6,104,46,20,10
3316,6,104,51,29,19
3317,6,104,51,24,13
3318,6,104,40,26,19
3319,6,104,49,22,18
3320,6,104,48,30,19
3321,6,104,51,34,15
3322,6,104,37,20,20
3323,6,104,50,23,11
3324,6,104,50,30,22
3325,6,104,46,21,10
3326,6,104,46,25,12
3327,6,104,53,19,11
3328,6,104,46,19,20
3329,6,104,47,37,10
3330,6,104,48,34,18
3331,6,104,49,35,20
3332,6,104,49,21,19
3333,6,104,51,21,11
3334,6,104,51,28,20
3335,6,104,51,24,12
3336,6,104,45,22,13
3337,6,104,46,23,20
3338,6,104,47,22,11
3339,6,104,45,30,12
3340,6,104,50,35,20
3341,6,104,46,31,19
3342,6,104,47,27,19
3343,6,104,48,38,11
3344,6,104,40,30,12
3345,6,104,47,24,21
3346,6,104,53,33,22
3347,6,104,46,23,13
3348,6,104,48,25,22
3349,6,104,51,34,12
3350,6,104,52,22,19
3351,6,104,52,33,13
3352,6,104,51,27,20
3353,6,104,45,32,11
3354,6,104,47,26,12
3355,6,104,51,28,20
3356,6,104,41,27,20
3357,6,104,54,20,12
3358,6,104,52,31,23
3359,6,104,52,22,13
3360,6,104,52,25,14
3361,6,104,47,27,13
3362,7,104,49,19,1
3363,7,104,52,38,14
3364,7,104,42,35,0
3365,7,104,51,25,0
3366,7,104,53,33,13
3367,7,104,46,20,12
3368,7,104,52,27,1
3369,8,104,53,28,2
3370,8,104,49,28,1
3371,8,104,49,26,1
3372,8,104,47,24,14
3373,8,104,51,23,14
3374,8,104,47,23,12
3375,8,104,53,42,1
3376,8,104,41,29,13
3377,8,104,48,24,13
3378,8,104,44,29,14
3379,8,104,48,30,0
3380,8,104,49,28,1
3381,8,104,47,19,0
3382,8,104,50,28,1
3383,8,104,49,25,14
3384,8,104,51,29,2
3385,8,104,46,31,13
3386,8,104,52,36,1
3387,8,104,50,29,14
3388,8,104,53,32,1
3389,8,104,50,27,2
3390,8,104,45,25,13
3391,8,104,47,32,14
3392,8,104,50,36,14
3393,8,104,29,27,1
3394,8,104,43,36,1
3395,8,104,50,29,2
3396,8,104,52,30,3
3397,8,104,53,32,1
3398,8,104,51,21,2
3399,8,104,50,36,1
3400,8,104,45,30,15
3401,8,104,43,31,12
3402,8,104,52,22,3
3403,8,104,50,25,16
3404,8,104,47,22,13
3405,8,104,50,20,2
3406,8,104,48,23,15
3407,8,104,47,32,14
3408,8,104,46,31,16
3409,8,104,50,26,15
3410,8,104,53,23,1
3411,8,104,51,33,2
3412,8,104,53,31,4
3413,8,104,48,20,2
3414,8,104,52,27,15
3415,8,104,48,28,14
3416,8,104,47,23,2
3417,8,104,48,32,17
3418,8,104,30,28,2
3419,8,104,48,28,2
3420,8,104,53,29,16
3421,8,104,52,24,15
3422,8,104,52,30,1
3423,8,104,48,31,0
3424,8,104,53,28,16
3425,8,104,51,32,15
3426,8,104,49,17,1
3427,8,104,53,34,14
3428,8,104,48,20,1
3429,8,104,49,32,1
3430,8,104,34,34,15
3431,8,104,50,21,3
3432,8,104,50,33,15
3433,8,104,49,29,15
3434,8,104,49,21,13
3435,8,104,44,32,13
3436,8,104,30,20,2
3437,8,104,49,21,2
3438,8,104,44,37,3
3439,8,104,50,27,15
3440,8,104,53,28,16
3441,8,104,51,22,2
3442,8,104,50,22,3
3443,8,104,47,26,3
3444,8,104,46,19,1
3445,8,104,51,23,2
3446,8,104,52,35,3
3447,8,104,49,39,14
3448,8,104,53,23,14
3449,8,104,30,30,16
3450,8,104,49,31,2
3451,8,104,51,29,16
3452,8,104,54,28,3
3453,8,104,42,30,15
3454,8,104,49,22,14
3455,8,104,51,23,4
3456,8,104,54,34,18
3457,8,104,50,32,3
3458,8,104,51,26,17
3459,8,104,50,28,16
3460,8,104,51,29,15
3461,8,104,52,23,3
3462,8,104,49,34,2
3463,8,104,28,28,14
3464,8,104,31,31,17
3465,8,104,53,38,15
3466,8,104,54,27,17
3467,8,104,51,18,2
3468,8,104,51,26,4
3469,8,104,46,33,15
3470,8,104,47,24,3
3471,8,104,51,37,16
3472,8,104,54,33,4
3473,8,104,54,35,14
3474,8,104,54,35,16
3475,8,104,53,27,5
3476,8,104,49,24,15
3477,8,104,50,25,2
3478,8,104,55,36,17
3479,8,104,52,27,5
3480,8,104,51,34,17
3481,8,104,53,36,4
3482,8,104,52,25,15
3483,8,104,50,29,3
3484,8,104,52,26,4
3485,8,104,55,36,16
3486,8,104,56,37,17
3487,8,104,52,34,3
3488,8,104,49,24,16
3489,8,104,51,30,17
3490,8,104,51,30,4
3491,8,104,52,31,18
3492,8,104,55,29,5
3493,8,104,55,34,4
3494,8,104,54,33,2
3495,8,104,52,24,5
3496,8,104,55,30,18
3497,8,104,50,31,3
3498,8,104,51,35,15
3499,8,104,54,29,6
3500,8,104,49,26,16
3501,8,104,52,27,18
3502,8,104,48,25,18
3503,8,104,49,26,19
3504,8,104,51,22,15
3505,8,104,48,33,16
3506,8,104,43,31,17
3507,8,104,53,31,5
3508,8,104,55,35,3
3509,8,104,53,27,6
3510,8,104,52,24,5
3511,8,104,46,25,16
3512,8,104,42,28,2
3513,8,104,52,30,16
3514,8,104,55,28,18
3515,8,104,56,29,19
3516,8,104,53,31,17
3517,8,104,54,29,17
3518,8,104,33,33,4
3519,8,104,52,31,5
3520,8,104,48,32,18
3521,8,104,42,31,4
3522,8,104,52,30,19
3523,8,104,55,34,5
3524,8,104,51,33,5
3525,8,104,52,27,16
3526,8,104,29,29,17
3527,8,104,49,25,4
3528,8,104,54,34,2
3529,8,104,52,35,18
3530,8,104,44,32,18
3531,8,104,48,27,5
3532,8,104,53,26,16
3533,8,104,55,43,3
3534,8,104,53,18,5
3535,8,104,55,35,19
3536,8,104,51,30,5
3537,8,104,55,34,4
3538,8,104,49,34,17
3539,8,104,53,25,6
3540,8,104,54,24,4
3541,8,104,52,23,15
3542,8,104,52,35,19
3543,8,104,52,23,16
3544,8,104,45,33,19
3545,8,104,52,31,6
3546,8,104,49,24,4
3547,8,104,56,31,20
3548,8,104,53,29,19
3549,8,104,53,19,6
3550,8,104,56,44,4
3551,8,104,47,26,17
3552,8,104,34,34,6
3553,8,104,53,32,19
3554,8,104,51,37,5
3555,8,104,53,21,5
3556,8,104,50,26,17
3557,8,104,54,28,7
3558,8,104,56,35,6
3559,8,104,52,23,16
3560,8,104,52,18,17
3561,8,104,52,28,18
3562,8,104,45,33,16
3563,8,104,45,31,18
3564,8,104,53,24,17
3565,8,104,53,30,5
3566,8,104,55,25,5
3567,8,104,53,35,5
3568,8,104,57,38,18
3569,8,104,53,26,4
3570,8,104,50,21,2
3571,8,104,38,21,5
3572,8,104,54,25,19
3573,8,104,46,22,18
3574,8,104,54,32,6
3575,8,104,47,29,3
3576,8,104,54,36,6
3577,8,104,53,34,6
3578,8,104,54,36,7
3579,8,104,49,16,18
3580,8,104,48,27,18
3581,8,104,52,38,6
3582,8,104,53,24,7
3583,8,104,53,29,19
3584,8,104,55,29,6
3585,8,104,46,34,18
3586,8,104,50,26,6
3587,8,104,51,27,18
3588,8,104,50,33,20
3589,8,104,39,19,17
3590,8,104,46,38,5
3591,8,104,31,21,6
3592,8,104,50,29,7
3593,8,104,42,22,18
3594,8,104,55,26,20
3595,8,104,51,25,18
3596,8,104,49,23,19
3597,8,104,56,37,21
3598,8,104,54,27,19
3599,8,104,54,28,7
3600,8,104,51,32,6
3601,8,104,54,19,7
3602,8,104,53,24,19
3603,8,104,43,29,4
3604,8,104,55,37,6
3605,8,104,54,30,20
3606,8,104,55,28,20
3607,8,104,56,35,8
3608,8,104,54,32,18
3609,8,104,54,35,7
3610,8,104,53,36,19
3611,8,104,51,28,7
3612,8,104,49,20,20
3613,8,104,55,37,8
3614,8,104,56,29,21
3615,8,104,50,25,7
3616,8,104,50,28,8
3617,8,104,56,36,21
3618,8,104,51,21,21
3619,8,104,56,27,22
3620,8,104,54,28,20
3621,8,104,51,27,19
3622,8,104,56,38,7
3623,8,104,51,30,8
3624,8,104,55,28,7
3625,8,104,53,31,20
3626,8,104,52,29,8
3627,8,104,53,19,19
3628,8,104,52,28,21
3629,8,104,43,32,9
3630,8,104,54,24,18
3631,8,104,54,29,7
3632,8,104,54,26,8
3633,8,104,55,22,8
3634,8,104,55,33,9
3635,8,104,52,22,22
3636,8,104,51,29,9
3637,8,104,57,30,20
3638,8,104,55,15,20
3639,8,104,55,30,8
3640,8,104,51,30,21
3641,8,104,54,37,8
3642,8,104,54,32,7
3643,8,104,51,40,19
3644,8,104,55,28,20
3645,8,104,54,36,22
3646,8,104,48,30,5
3647,8,104,56,29,9
3648,8,104,50,35,21
3649,8,104,55,29,21
3650,8,104,55,37,8
3651,8,104,49,26,19
3652,8,104,57,39,8
3653,8,104,40,22,6
3654,8,104,55,32,8
3655,8,104,56,31,9
3656,8,104,57,36,9
3657,8,104,52,28,20
3658,8,104,55,29,8
3659,8,104,35,35,22
3660,8,104,52,31,9
3661,8,104,41,20,20
3662,8,104,54,31,9
3663,8,104,56,30,9
3664,8,104,50,24,20
3665,8,104,51,36,22
3666,8,104,32,22,9
3667,8,104,56,23,9
3668,8,104,52,32,10
3669,8,104,54,33,21
3670,8,104,57,38,22
3671,8,104,55,37,23
3672,8,104,54,32,21
3673,8,104,52,31,22
3674,8,104,54,26,5
3675,8,104,48,20,5
3676,8,104,56,30,21
3677,8,104,55,32,10
3678,8,104,56,38,24
3679,8,104,36,36,23
3680,8,104,53,39,8
3681,8,104,42,21,21
3682,8,104,33,23,21
3683,8,104,56,30,10
3684,8,104,55,38,10
3685,8,104,55,25,9
3686,8,104,55,37,21
3687,8,104,51,33,22
3688,8,104,57,28,23
3689,8,104,51,25,21
3690,8,104,55,33,21
3691,8,104,55,27,6
3692,8,104,56,29,22
3693,8,104,56,29,23
3694,8,104,33,23,10
3695,8,104,30,25,6
3696,8,104,55,33,22
3697,8,104,54,31,8
3698,8,104,57,30,23
3699,8,104,54,20,9
3700,8,104,55,20,6
3701,8,104,51,23,23
3702,8,104,58,39,23
3703,8,104,56,39,22
3704,8,104,30,30,22
3705,8,104,51,25,22
3706,8,104,52,26,22
3707,8,104,56,30,23
3708,8,104,57,24,10
3709,8,104,57,20,10
3710,8,104,58,24,23
3711,8,104,56,26,10
3712,8,104,56,23,10
3713,8,104,54,40,9
3714,8,104,55,34,23
3715,8,104,57,16,24
3716,8,104,44,30,7
3717,8,104,55,25,20
3718,8,104,55,31,23
3719,8,104,56,38,9
3720,8,104,53,29,24
3721,8,104,57,24,11
3722,8,104,55,32,9
3723,8,104,56,33,11
3724,8,104,55,22,11
3725,8,104,50,28,23
3726,8,104,57,36,11
3727,8,104,52,27,12
3728,8,104,55,35,10
3729,8,104,47,39,10
3730,8,104,52,34,23
3731,8,104,52,30,11
3732,8,104,47,35,20
3733,8,104,33,29,11
3734,8,104,34,24,11
3735,8,104,37,37,24
3736,8,104,56,35,7
3737,8,104,57,30,11
3738,8,104,52,34,24
3739,8,104,51,27,21
3740,8,104,53,23,23
3741,8,104,59,40,24
3742,8,104,52,25,12
3743,8,104,44,33,11
3744,8,104,58,31,24
3745,8,104,57,30,24
3746,8,104,57,37,24
3747,8,104,52,26,10
3748,8,104,57,36,10
3749,8,104,57,40,23
3750,8,104,52,29,24
3751,8,104,53,27,11
3752,8,104,49,23,24
3753,8,104,58,21,12
3754,8,104,56,33,23
3755,8,104,53,31,12
3756,8,104,57,36,8
3757,8,104,53,30,25
3758,8,104,56,28,7
3759,8,104,31,31,24
3760,8,104,53,28,22
3761,8,104,58,39,24
3762,8,104,58,37,11
3763,8,104,56,38,11
3764,8,104,56,33,10
3765,8,104,57,30,25
3766,8,104,56,26,10
3767,8,104,52,37,24
3768,8,104,57,45,8
3769,8,104,57,30,25
3770,8,104,57,34,13
3771,8,104,57,39,12
3772,8,104,56,33,11
3773,8,104,55,25,12
3774,8,104,54,28,12
3775,8,104,56,23,12
3776,8,104,43,21,21
3777,8,104,53,33,11
3778,8,104,54,25,24
3779,8,104,56,21,23
3780,8,104,56,34,22
3781,8,104,53,30,12
3782,8,104,43,22,23
3783,8,104,50,31,8
3784,8,104,57,30,13
3785,8,104,32,32,25
3786,8,104,56,29,12
3787,8,104,51,24,26
3788,8,104,58,35,14
3789,8,104,53,22,8
3790,8,104,59,40,12
3791,8,104,44,23,9
3792,8,104,58,37,13
3793,8,104,52,34,23
3794,8,104,58,32,25
3795,8,104,53,33,9
3796,8,104,58,35,10
3797,8,104,46,34,24
3798,8,104,57,34,11
3799,8,104,58,36,9
3800,8,104,56,25,22
3801,8,104,58,31,24
3802,8,104,60,41,25
3803,8,104,57,38,26
3804,8,104,58,31,26
3805,8,104,55,29,13
3806,8,104,59,36,11
3807,8,104,45,23,24
3808,8,104,57,39,11
3809,8,104,48,36,23
3810,8,104,54,29,24
3811,8,104,57,23,25
3812,8,104,57,36,12
3813,8,104,33,33,27
3814,8,104,58,25,12
3815,8,104,59,22,14
3816,8,104,56,30,14
3817,8,104,58,35,12
3818,8,104,46,24,25
3819,8,104,56,27,13
3820,8,104,58,41,25
3821,8,104,59,32,27
3822,8,104,53,26,13
3823,8,104,56,20,24
3824,8,104,61,42,26
3825,8,104,58,40,13
3826,8,104,59,38,13
3827,8,104,57,30,13
3828,8,104,59,25,26
3829,8,104,55,26,25
3830,8,104,54,30,25
3831,8,104,56,20,23
3832,8,104,59,41,14
3833,8,104,59,32,14
3834,8,104,60,26,27
3835,8,104,56,27,9
3836,8,104,55,31,26
3837,8,104,58,31,14
3838,8,104,59,26,26
3839,8,104,61,27,28
3840,8,104,53,35,13
3841,8,104,57,29,10
3842,8,104,52,32,9
3843,8,104,55,34,14
3844,8,104,53,41,24
3845,8,104,45,31,10
3846,8,104,58,31,14
3847,8,104,57,39,14
3848,8,104,54,34,15
3849,8,104,56,26,14
3850,8,104,58,31,27
3851,8,104,57,30,14
3852,8,104,55,30,26
3853,8,104,52,26,26
3854,8,104,59,37,15
3855,8,104,54,19,14
3856,8,104,47,24,12
3857,8,104,59,36,14
3858,8,104,54,32,15
3859,8,104,58,40,14
3860,8,104,54,27,14
3861,8,104,60,33,28
3862,8,104,59,26,15
3863,8,104,53,33,11
3864,8,104,35,24,26
3865,8,104,58,30,11
3866,8,104,46,32,12
3867,8,104,34,34,28
3868,8,104,59,36,15
3869,8,104,58,22,24
3870,8,104,55,28,15
3871,8,104,55,39,26
3872,8,104,56,31,27
3873,8,104,59,32,28
3874,8,104,60,39,14
3875,8,104,55,35,16
3876,8,104,58,35,27
3877,8,104,56,31,27
3878,8,104,59,32,15
3879,8,104,38,38,26
3880,8,104,48,40,15
3881,8,104,59,25,15
3882,8,104,54,23,12
3883,8,104,60,42,28
3884,8,104,56,21,25
3885,8,104,59,32,27
3886,8,104,60,46,13
3887,8,104,56,40,27
3888,8,104,56,24,26
3889,8,104,57,26,24
3890,8,104,54,35,25
3891,8,104,56,34,16
3892,8,104,46,32,27
3893,8,104,59,23,15
3894,8,104,61,47,14
3895,8,104,57,41,28
3896,8,104,54,34,13
3897,8,104,58,31,15
3898,8,104,59,31,12
3899,8,104,56,36,17
3900,8,104,49,37,25
3901,8,104,60,23,16
3902,8,104,58,40,15
3903,8,104,57,26,25
3904,8,104,60,32,13
3905,8,104,56,27,26
3906,8,104,60,33,29
3907,8,104,60,41,14
3908,8,104,58,27,26
3909,8,104,60,37,15
3910,8,104,49,41,16
3911,8,104,56,27,27
3912,8,104,60,26,16
3913,8,104,61,38,16
3914,8,104,54,38,27
3915,8,104,56,38,26
3916,8,104,35,25,16
3917,8,104,55,36,26
3918,8,104,35,30,16
3919,8,104,59,31,17
3920,8,104,61,40,15
3921,8,104,53,32,17
3922,8,104,59,32,15
3923,8,104,36,25,27
3924,8,104,55,36,27
3925,8,104,44,23,27
3926,8,104,35,35,15
3927,8,104,57,29,26
3928,8,104,59,29,28
3929,8,104,58,34,16
3930,8,104,54,33,18
3931,8,104,57,28,28
3932,8,104,55,26,27
3933,8,104,56,32,27
3934,8,104,59,31,16
3935,8,104,61,34,30
3936,8,104,60,33,17
3937,8,104,54,27,28
3938,8,104,60,37,16
3939,8,104,58,21,28
3940,8,104,54,24,27
3941,8,104,61,42,15
3942,8,104,57,39,29
3943,8,104,50,42,17
3944,8,104,57,27,27
3945,8,104,59,24,28
3946,8,104,55,27,28
3947,8,104,54,25,28
3948,8,104,59,27,16
3949,8,104,57,35,18
3950,8,104,58,27,15
3951,8,104,59,37,14
3952,8,104,59,31,29
3953,8,104,62,28,29
3954,8,104,57,33,16
3955,8,104,61,27,17
3956,8,104,56,29,18
3957,8,104,60,38,15
3958,8,104,55,20,17
3959,8,104,50,38,27
3960,8,104,61,24,18
3961,8,104,62,28,18
3962,8,104,62,48,17
3963,8,104,57,35,15
3964,8,104,56,21,18
3965,8,104,57,34,28
3966,8,104,60,32,30
3967,8,104,58,35,29
3968,8,104,55,33,17
3969,8,104,59,38,28
3970,8,104,62,25,19
3971,8,104,56,31,18
3972,8,104,59,41,15
3973,8,104,60,33,18
3974,8,104,36,31,18
3975,8,104,55,25,29
3976,8,104,60,33,28
3977,8,104,57,31,16
3978,8,104,55,24,14
3979,8,104,58,36,16
3980,8,104,59,23,28
3981,8,104,56,37,28
3982,8,104,60,32,19
3983,8,104,57,28,17
3984,8,104,57,33,29
3985,8,104,59,21,27
3986,8,104,58,27,26
3987,8,104,36,36,17
3988,8,104,59,32,18
3989,8,104,55,26,29
3990,8,104,57,22,19
3991,8,104,60,40,29
3992,8,104,62,43,16
3993,8,104,57,35,15
3994,8,104,60,39,29
3995,8,104,58,21,16
3996,8,104,58,34,17
3997,8,104,60,22,28
3998,8,104,56,27,30
3999,8,104,35,35,30
4000,8,104,45,24,28
4001,8,104,57,30,19
4002,8,104,63,49,18
4003,8,104,58,36,17
4004,8,104,60,38,20
4005,8,104,57,17,29
4006,8,104,55,28,30
4007,8,104,47,33,17
4008,8,104,59,37,17
4009,8,104,60,27,17
4010,8,104,60,32,16
4011,8,104,61,33,17
4012,8,104,58,29,18
4013,8,104,58,24,19
4014,8,104,57,34,18
4015,8,104,62,39,19
4016,8,104,59,30,19
4017,8,104,58,35,19
4018,8,104,57,28,31
4019,8,104,58,40,31
4020,8,104,59,36,30
4021,8,104,47,34,19
4022,8,104,61,31,20
4023,8,104,57,27,29
4024,8,104,56,28,30
4025,8,104,60,28,17
4026,8,104,57,32,31
4027,8,104,56,27,27
4028,8,104,46,25,29
4029,8,104,57,41,18
4030,8,104,56,26,30
4031,8,104,59,36,20
4032,8,104,36,36,31
4033,8,104,59,32,30
4034,8,104,56,36,18
4035,8,104,63,40,20
4036,8,104,60,36,31
4037,8,104,58,32,29
4038,8,104,57,28,28
4039,8,104,60,33,18
4040,8,104,61,33,32
4041,8,104,58,29,29
4042,8,104,59,30,30
4043,8,104,59,35,28
4044,8,104,61,40,32
4045,8,104,61,34,30
4046,8,104,59,30,29
4047,8,104,37,26,31
4048,8,104,58,31,20
4049,8,104,48,34,18
4050,8,104,63,29,30
4051,8,104,59,33,33
4052,8,104,62,34,18
4053,8,104,58,18,31
4054,8,104,60,31,30
4055,8,104,60,38,19
4056,8,104,60,36,30
4057,8,104,63,35,19
4058,8,104,60,33,31
4059,8,104,61,28,19
4060,8,104,63,29,21
4061,8,104,60,30,31
4062,8,104,60,22,31
4063,8,104,60,25,21
4064,8,104,60,31,20
4065,8,104,59,28,29
4066,8,104,48,35,21
4067,8,104,64,50,21
4068,8,104,61,37,21
4069,8,104,47,22,28
4070,8,104,61,34,19
4071,8,104,59,22,18
4072,8,104,32,32,29
4073,8,104,62,24,30
4074,8,104,59,19,32
4075,8,104,61,28,19
4076,8,104,60,23,19
4077,8,104,58,37,30
4078,8,104,62,29,20
4079,8,104,62,35,31
4080,8,104,63,36,32
4081,8,104,61,34,31
4082,8,104,61,23,29
4083,8,104,57,42,30
4084,8,104,62,32,21
4085,8,104,58,21,21
4086,8,104,61,29,20
4087,8,104,59,38,31
4088,8,104,63,26,21
4089,8,104,59,36,22
4090,8,104,60,33,31
4091,8,104,58,34,31
4092,8,104,60,37,32
4093,8,104,33,33,31
4094,8,104,62,35,20
4095,8,104,60,34,34
4096,8,104,60,39,31
