T,RING_SIZE,RING_BYTES,RES_ACT,RES_SKETCH,RES_RING
1,4,104,1,1,1
2,4,104,1,1,1
3,4,104,1,1,2
4,4,104,1,1,1
5,4,104,1,1,1
6,4,104,2,2,3
7,4,104,1,1,1
8,4,104,2,1,2
9,4,104,3,3,4
10,4,104,1,1,1
11,4,104,1,1,1
12,4,104,3,2,5
13,4,104,2,2,2
14,4,104,1,1,1
15,4,104,1,1,3
16,4,104,2,2,2
17,4,104,1,1,1
18,4,104,3,3,3
19,4,104,1,1,1
20,4,104,2,2,2
21,4,104,4,3,6
22,4,104,1,1,2
23,4,104,1,1,2
24,4,104,3,2,4
25,4,104,1,1,3
26,4,104,5,2,5
27,4,104,2,2,3
28,4,104,6,4,7
29,4,104,2,2,3
30,4,104,2,2,4
31,4,104,2,2,5
32,4,104,7,5,8
33,4,104,3,3,6
34,4,104,4,4,7
35,4,104,3,3,7
36,4,104,3,3,3
37,4,104,3,2,6
38,4,104,2,2,2
39,4,104,2,2,3
40,4,104,5,5,8
41,4,104,3,3,8
42,4,104,3,3,4
43,4,104,4,4,9
44,4,104,8,6,9
45,4,104,6,6,9
46,4,104,4,4,9
47,4,104,4,4,5
48,4,104,9,7,10
49,4,104,10,3,7
50,4,104,4,4,4
51,4,104,3,3,4
52,4,104,11,8,11
53,4,104,4,4,12
54,4,104,4,2,4
55,4,104,4,4,5
56,4,104,4,4,5
57,4,104,5,5,10
58,4,104,4,3,8
59,4,104,6,6,11
60,4,104,5,3,9
61,4,104,4,3,10
62,4,104,5,3,5
63,4,104,5,5,6
64,4,104,5,5,13
65,4,104,5,5,10
66,4,104,6,4,6
67,4,104,6,4,10
68,4,104,5,4,11
69,4,104,2,2,2
70,4,104,6,4,11
71,4,104,6,6,7
72,4,104,6,1,11
73,4,104,7,7,12
74,4,104,12,4,12
75,4,104,3,3,3
76,4,104,6,6,12
77,4,104,3,3,3
78,4,104,13,5,13
79,4,104,4,4,4
80,4,104,7,7,13
81,4,104,7,7,8
82,4,104,5,5,5
83,4,104,4,4,5
84,4,104,14,9,14
85,4,104,8,8,14
86,4,104,7,5,14
87,4,104,7,5,8
88,4,104,5,5,6
89,4,104,8,6,15
90,4,104,8,6,9
91,4,104,8,8,13
92,4,104,9,9,15
93,4,104,7,5,7
94,4,104,8,5,8
95,4,104,15,6,16
96,4,104,7,7,13
97,4,104,10,10,16
98,4,104,9,5,17
99,4,104,5,5,8
100,4,104,8,6,9
101,4,104,6,6,7
102,4,104,6,6,7
103,4,104,9,9,14
104,4,104,6,6,10
105,4,104,10,7,18
106,4,104,16,10,15
107,4,104,8,8,14
108,4,104,9,7,10
109,4,104,10,6,16
110,4,104,7,7,8
111,4,104,11,11,17
112,4,104,9,6,10
113,4,104,11,6,19
114,4,104,17,11,17
115,4,104,12,7,20
116,4,104,7,7,11
117,4,104,10,10,15
118,4,104,8,8,9
119,4,104,11,7,18
120,4,104,9,9,10
121,4,104,9,8,10
122,4,104,8,8,12
123,4,104,10,7,11
124,4,104,10,10,11
125,4,104,11,11,16
126,4,104,11,5,16
127,4,104,9,7,11
128,4,104,9,9,13
129,4,104,10,10,14
130,4,104,12,12,17
131,4,104,7,7,11
132,4,104,11,11,12
133,4,104,12,6,17
134,4,104,13,7,18
135,4,104,10,8,12
136,4,104,18,7,21
137,4,104,8,8,12
138,4,104,13,13,18
139,4,104,11,9,13
140,4,104,13,8,22
141,4,104,14,9,23
142,4,104,12,8,14
143,4,104,14,8,19
144,4,104,15,10,24
145,4,104,10,8,14
146,4,104,16,11,25
147,4,104,12,8,19
148,4,104,13,9,15
149,4,104,15,9,20
150,4,104,19,8,26
151,4,104,9,9,13
152,4,104,17,8,27
153,4,104,10,9,21
154,4,104,18,9,28
155,4,104,13,9,20
156,4,104,19,10,29
157,4,104,17,12,30
158,4,104,14,14,20
159,4,104,11,11,15
160,4,104,20,11,31
161,4,104,16,10,22
162,4,104,15,15,21
163,4,104,12,10,15
164,4,104,16,2,20
165,4,104,10,9,15
166,4,104,13,12,21
167,4,104,12,12,16
168,4,104,17,11,23
169,4,104,16,16,22
170,4,104,18,13,32
171,4,104,12,12,13
172,4,104,20,9,33
173,4,104,17,17,23
174,4,104,21,10,34
175,4,104,11,9,16
176,4,104,22,12,21
177,4,104,14,10,16
178,4,104,23,13,22
179,4,104,11,10,16
180,4,104,24,11,35
181,4,104,25,12,36
182,4,104,15,11,17
183,4,104,19,14,37
184,4,104,17,3,22
185,4,104,12,10,17
186,4,104,21,12,38
187,4,104,18,12,24
188,4,104,22,13,39
189,4,104,26,14,23
190,4,104,13,13,17
191,4,104,27,15,24
192,4,104,14,13,24
193,4,104,12,11,17
194,4,104,20,15,40
195,4,104,18,18,24
196,4,104,12,10,25
197,4,104,23,14,41
198,4,104,13,11,18
199,4,104,14,14,19
200,4,104,28,16,25
201,4,104,15,14,25
202,4,104,13,13,14
203,4,104,19,19,25
204,4,104,18,4,26
205,4,104,16,15,27
206,4,104,24,15,42
207,4,104,14,12,19
208,4,104,15,13,20
209,4,104,13,12,20
210,4,104,16,10,26
211,4,104,14,14,15
212,4,104,29,17,27
213,4,104,15,15,16
214,4,104,13,11,21
215,4,104,15,15,21
216,4,104,16,16,17
217,4,104,17,11,28
218,4,104,21,16,43
219,4,104,17,17,18
220,4,104,14,12,22
221,4,104,16,12,21
222,4,104,15,13,23
223,4,104,25,16,44
224,4,104,19,13,26
225,4,104,17,16,28
226,4,104,20,20,26
227,4,104,10,10,18
228,4,104,11,11,19
229,4,104,14,13,21
230,4,104,22,17,45
231,4,104,18,18,19
232,4,104,20,14,27
233,4,104,17,13,22
234,4,104,15,11,28
235,4,104,12,12,20
236,4,104,16,14,24
237,4,104,16,14,22
238,4,104,18,12,29
239,4,104,17,15,23
240,4,104,26,17,46
241,4,104,30,18,30
242,4,104,19,19,20
243,4,104,20,5,29
244,4,104,18,17,30
245,4,104,19,13,31
246,4,104,16,16,22
247,4,104,16,14,23
248,4,104,17,17,24
249,4,104,17,15,25
250,4,104,31,13,47
251,4,104,13,13,21
252,4,104,18,16,26
253,4,104,14,14,22
254,4,104,15,15,23
255,4,104,18,14,24
256,4,104,23,18,48
257,4,104,32,14,49
258,4,104,19,15,25
259,4,104,20,14,32
260,4,104,17,15,25
261,4,104,27,18,50
262,4,104,21,21,28
263,4,104,21,15,33
264,4,104,18,16,26
265,4,104,33,15,51
266,4,104,34,19,34
267,4,104,22,16,35
268,4,104,20,20,23
269,4,104,35,16,52
270,4,104,20,16,27
271,4,104,21,21,24
272,4,104,22,18,31
273,4,104,28,19,53
274,4,104,22,22,25
275,4,104,29,20,54
276,4,104,18,18,27
277,4,104,21,15,29
278,4,104,24,19,55
279,4,104,23,23,26
280,4,104,23,19,32
281,4,104,24,24,27
282,4,104,25,20,56
283,4,104,36,17,57
284,4,104,18,16,26
285,4,104,24,20,33
286,4,104,19,17,27
287,4,104,19,17,28
288,4,104,20,18,28
289,4,104,25,25,28
290,4,104,30,21,58
291,4,104,26,26,29
292,4,104,22,16,30
293,4,104,19,12,31
294,4,104,37,18,59
295,4,104,38,20,36
296,4,104,25,21,34
297,4,104,27,27,30
298,4,104,26,22,35
299,4,104,39,21,37
300,4,104,21,17,29
301,4,104,16,16,30
302,4,104,40,19,60
303,4,104,19,17,28
304,4,104,20,18,29
305,4,104,21,19,30
306,4,104,26,21,61
307,4,104,22,18,30
308,4,104,27,23,36
309,4,104,41,22,38
310,4,104,20,18,30
311,4,104,42,23,39
312,4,104,21,19,31
313,4,104,28,24,37
314,4,104,43,20,62
315,4,104,44,21,63
316,4,104,23,17,32
317,4,104,28,22,64
318,4,104,21,19,29
319,4,104,29,25,38
320,4,104,29,23,65
321,4,104,22,20,31
322,4,104,23,19,31
323,4,104,30,26,39
324,4,104,17,17,31
325,4,104,45,24,40
326,4,104,28,28,31
327,4,104,31,27,40
328,4,104,22,20,30
329,4,104,46,25,41
330,4,104,47,22,66
331,4,104,19,19,31
332,4,104,23,21,32
333,4,104,22,22,32
334,4,104,48,26,42
335,4,104,24,20,33
336,4,104,24,18,33
337,4,104,25,19,34
338,4,104,18,18,32
339,4,104,24,22,33
340,4,104,49,27,43
341,4,104,19,19,33
342,4,104,31,24,67
343,4,104,31,6,41
344,4,104,25,21,34
345,4,104,20,20,34
346,4,104,32,28,42
347,4,104,29,29,33
348,4,104,26,22,35
349,4,104,50,28,44
350,4,104,20,20,34
351,4,104,51,23,68
352,4,104,52,24,69
353,4,104,22,13,35
354,4,104,32,25,70
355,4,104,33,29,43
356,4,104,27,23,36
357,4,104,23,21,34
358,4,104,30,30,34
359,4,104,53,29,45
360,4,104,24,22,35
361,4,104,21,21,35
362,4,104,33,26,71
363,4,104,21,21,35
364,4,104,31,31,35
365,4,104,54,25,72
366,4,104,23,23,36
367,4,104,34,22,73
368,4,104,32,32,36
369,4,104,28,24,37
370,4,104,23,14,36
371,4,104,34,30,44
372,4,104,55,26,74
373,4,104,33,33,37
374,4,104,34,7,45
375,4,104,26,20,37
376,4,104,34,34,38
377,4,104,56,27,75
378,4,104,34,17,46
379,4,104,57,30,47
380,4,104,22,22,36
381,4,104,58,28,76
382,4,104,25,23,36
383,4,104,22,22,38
384,4,104,23,23,37
385,4,104,26,24,37
386,4,104,27,21,38
387,4,104,34,27,77
388,4,104,25,23,38
389,4,104,24,15,39
390,4,104,24,24,39
391,4,104,27,25,39
392,4,104,28,26,40
393,4,104,25,25,40
394,4,104,28,22,40
395,4,104,23,23,39
396,4,104,35,8,46
397,4,104,29,23,41
398,4,104,30,24,42
399,4,104,26,24,39
400,4,104,31,25,43
401,4,104,59,29,78
402,4,104,26,26,41
403,4,104,35,28,79
404,4,104,29,25,40
405,4,104,24,24,40
406,4,104,32,26,44
407,4,104,24,24,44
408,4,104,25,20,40
409,4,104,60,30,80
410,4,104,35,18,48
411,4,104,30,26,41
412,4,104,27,27,42
413,4,104,31,27,42
414,4,104,36,19,49
415,4,104,61,31,50
416,4,104,26,21,41
417,4,104,35,31,47
418,4,104,25,16,45
419,4,104,27,22,42
420,4,104,37,20,51
421,4,104,33,27,46
422,4,104,29,27,42
423,4,104,36,29,81
424,4,104,25,25,46
425,4,104,25,25,41
426,4,104,32,28,43
427,4,104,37,23,82
428,4,104,37,30,83
429,4,104,35,35,41
430,4,104,28,23,43
431,4,104,62,32,52
432,4,104,38,24,84
433,4,104,36,9,48
434,4,104,34,28,47
435,4,104,28,28,43
436,4,104,29,29,44
437,4,104,30,30,45
438,4,104,37,32,49
439,4,104,39,25,85
440,4,104,27,25,43
441,4,104,31,31,46
442,4,104,38,21,53
443,4,104,30,28,44
444,4,104,38,33,50
445,4,104,39,34,51
446,4,104,63,31,86
447,4,104,64,32,87
448,4,104,35,29,48
449,4,104,39,10,52
450,4,104,28,26,44
451,4,104,26,26,42
452,4,104,32,32,47
453,4,104,29,24,44
454,4,104,33,33,48
455,4,104,29,27,45
456,4,104,30,25,45
457,4,104,36,36,42
458,4,104,40,35,53
459,4,104,34,34,49
460,4,104,31,29,46
461,4,104,33,29,46
462,4,104,37,37,43
463,4,104,31,26,46
464,4,104,30,28,47
465,4,104,65,33,88
466,4,104,27,27,43
467,4,104,32,27,47
468,4,104,66,33,54
469,4,104,40,11,54
470,4,104,67,34,55
471,4,104,33,28,48
472,4,104,33,30,48
473,4,104,26,26,48
474,4,104,28,28,44
475,4,104,40,22,56
476,4,104,40,31,89
477,4,104,41,36,55
478,4,104,34,30,48
479,4,104,35,31,49
480,4,104,41,26,90
481,4,104,27,27,49
482,4,104,42,27,91
483,4,104,36,30,49
484,4,104,42,37,56
485,4,104,31,29,49
486,4,104,34,31,50
487,4,104,29,29,45
488,4,104,68,34,92
489,4,104,42,32,93
490,4,104,38,38,45
491,4,104,69,35,94
492,4,104,34,29,49
493,4,104,39,39,46
494,4,104,28,28,50
495,4,104,35,35,50
496,4,104,36,36,51
497,4,104,28,17,50
498,4,104,70,35,57
499,4,104,35,32,51
500,4,104,71,36,58
501,4,104,72,36,95
502,4,104,32,30,50
503,4,104,33,31,51
504,4,104,40,40,47
505,4,104,41,41,48
506,4,104,36,32,52
507,4,104,37,31,51
508,4,104,38,32,52
509,4,104,43,38,57
510,4,104,73,37,59
511,4,104,39,33,53
512,4,104,37,37,52
513,4,104,37,33,53
514,4,104,44,39,58
515,4,104,34,32,52
516,4,104,42,42,49
517,4,104,29,29,53
518,4,104,38,38,53
519,4,104,39,39,54
520,4,104,35,30,52
521,4,104,36,31,53
522,4,104,29,18,54
523,4,104,74,37,96
524,4,104,30,19,55
525,4,104,40,34,56
526,4,104,40,40,55
527,4,104,43,43,50
528,4,104,41,35,57
529,4,104,30,30,50
530,4,104,42,36,58
531,4,104,35,33,53
532,4,104,41,41,56
533,4,104,31,20,59
534,4,104,42,12,59
535,4,104,43,33,97
536,4,104,37,32,54
537,4,104,44,28,98
538,4,104,38,34,54
539,4,104,31,31,51
540,4,104,37,33,54
541,4,104,38,33,55
542,4,104,39,34,56
543,4,104,45,40,60
544,4,104,39,35,56
545,4,104,32,32,52
546,4,104,36,34,56
547,4,104,33,33,53
548,4,104,75,38,60
549,4,104,34,34,54
550,4,104,45,29,99
551,4,104,32,21,60
552,4,104,46,41,61
553,4,104,39,34,57
554,4,104,37,35,57
555,4,104,76,39,61
556,4,104,42,42,58
557,4,104,43,37,61
558,4,104,35,35,55
559,4,104,40,35,57
560,4,104,77,38,100
561,4,104,41,36,58
562,4,104,46,30,101
563,4,104,38,36,58
564,4,104,32,30,61
565,4,104,41,35,59
566,4,104,39,37,59
567,4,104,78,39,102
568,4,104,40,36,60
569,4,104,46,13,62
570,4,104,43,43,60
571,4,104,44,44,61
572,4,104,41,37,61
573,4,104,42,38,62
574,4,104,33,22,62
575,4,104,34,23,63
576,4,104,42,36,60
577,4,104,47,31,103
578,4,104,34,31,62
579,4,104,43,39,63
580,4,104,47,42,63
581,4,104,79,40,104
582,4,104,44,44,55
583,4,104,44,40,64
584,4,104,35,32,63
585,4,104,44,38,64
586,4,104,80,41,105
587,4,104,36,36,56
588,4,104,47,34,106
589,4,104,45,45,56
590,4,104,43,37,61
591,4,104,45,39,65
592,4,104,36,33,64
593,4,104,48,35,107
594,4,104,81,40,63
595,4,104,82,41,64
596,4,104,45,45,62
597,4,104,46,46,63
598,4,104,36,24,66
599,4,104,83,42,108
600,4,104,49,36,109
601,4,104,37,34,65
602,4,104,38,35,66
603,4,104,38,25,67
604,4,104,84,43,110
605,4,104,45,41,65
606,4,104,39,26,68
607,4,104,48,43,64
608,4,104,46,42,66
609,4,104,49,44,65
610,4,104,47,43,67
611,4,104,44,38,62
612,4,104,50,45,66
613,4,104,42,37,62
614,4,104,47,47,64
615,4,104,50,32,111
616,4,104,40,38,63
617,4,104,48,48,65
618,4,104,85,42,66
619,4,104,46,40,69
620,4,104,51,46,67
621,4,104,51,33,112
622,4,104,51,23,67
623,4,104,39,36,67
624,4,104,40,27,70
625,4,104,41,28,71
626,4,104,45,39,64
627,4,104,52,47,68
628,4,104,46,40,65
629,4,104,48,44,68
630,4,104,49,49,66
631,4,104,41,37,68
632,4,104,52,34,113
633,4,104,53,35,114
634,4,104,53,48,69
635,4,104,42,38,69
636,4,104,53,14,70
637,4,104,49,45,69
638,4,104,42,29,72
639,4,104,53,37,115
640,4,104,47,41,66
641,4,104,86,44,116
642,4,104,46,46,57
643,4,104,47,47,58
644,4,104,54,49,71
645,4,104,37,37,58
646,4,104,38,38,59
647,4,104,55,50,72
648,4,104,43,39,70
649,4,104,54,36,117
650,4,104,42,39,67
651,4,104,43,30,73
652,4,104,48,42,68
653,4,104,87,43,70
654,4,104,44,40,71
655,4,104,88,44,71
656,4,104,89,45,118
657,4,104,48,41,74
658,4,104,39,39,60
659,4,104,90,46,119
660,4,104,56,51,73
661,4,104,48,48,60
662,4,104,55,37,120
663,4,104,49,43,69
664,4,104,56,24,72
665,4,104,55,15,74
666,4,104,49,42,75
667,4,104,91,47,121
668,4,104,92,45,73
669,4,104,57,52,75
670,4,104,56,38,122
671,4,104,58,53,76
672,4,104,49,49,61
673,4,104,43,40,68
674,4,104,50,50,62
675,4,104,45,41,73
676,4,104,50,43,76
677,4,104,50,46,70
678,4,104,93,48,123
679,4,104,57,39,124
680,4,104,59,54,77
681,4,104,50,50,69
682,4,104,51,51,70
683,4,104,51,44,77
684,4,104,94,49,125
685,4,104,60,55,78
686,4,104,50,44,70
687,4,104,61,56,79
688,4,104,51,45,71
689,4,104,52,52,71
690,4,104,58,40,126
691,4,104,52,45,78
692,4,104,46,42,74
693,4,104,51,51,63
694,4,104,51,47,71
695,4,104,47,43,75
696,4,104,59,41,127
697,4,104,95,46,75
698,4,104,48,44,76
699,4,104,44,31,79
700,4,104,52,48,72
701,4,104,44,41,72
702,4,104,96,50,128
703,4,104,40,40,63
704,4,104,45,32,80
705,4,104,62,57,80
706,4,104,53,46,81
707,4,104,53,49,73
708,4,104,54,47,82
709,4,104,52,52,64
710,4,104,55,48,83
711,4,104,52,46,73
712,4,104,60,38,129
713,4,104,41,41,64
714,4,104,97,47,76
715,4,104,54,50,74
716,4,104,53,53,65
717,4,104,46,33,84
718,4,104,56,49,85
719,4,104,60,16,81
720,4,104,53,53,73
721,4,104,61,39,130
722,4,104,63,58,82
723,4,104,62,40,131
724,4,104,57,50,86
725,4,104,58,51,87
726,4,104,63,41,132
727,4,104,54,54,74
728,4,104,59,52,88
729,4,104,49,45,77
730,4,104,98,48,77
731,4,104,42,42,65
732,4,104,64,59,83
733,4,104,53,47,74
734,4,104,46,42,75
735,4,104,55,55,76
736,4,104,47,34,89
737,4,104,54,54,66
738,4,104,64,42,133
739,4,104,47,43,76
740,4,104,65,60,84
741,4,104,56,56,77
742,4,104,48,35,90
743,4,104,99,49,78
744,4,104,66,61,85
745,4,104,50,46,78
746,4,104,48,44,77
747,4,104,51,47,79
748,4,104,55,51,78
749,4,104,55,55,67
750,4,104,64,17,86
751,4,104,49,38,77
752,4,104,65,18,87
753,4,104,49,45,78
754,4,104,100,51,134
755,4,104,56,56,68
756,4,104,65,42,135
757,4,104,50,39,78
758,4,104,51,40,79
759,4,104,43,43,68
760,4,104,66,43,136
761,4,104,57,57,79
762,4,104,67,43,137
763,4,104,44,44,69
764,4,104,67,44,138
765,4,104,101,52,139
766,4,104,67,19,88
767,4,104,50,46,79
768,4,104,45,45,70
769,4,104,54,48,80
770,4,104,102,50,79
771,4,104,68,45,140
772,4,104,103,51,80
773,4,104,58,58,80
774,4,104,50,36,91
775,4,104,104,52,81
776,4,104,69,44,141
777,4,104,57,57,70
778,4,104,67,62,89
779,4,104,56,52,80
780,4,104,68,63,90
781,4,104,51,37,92
782,4,104,69,64,91
783,4,104,105,53,82
784,4,104,55,49,81
785,4,104,70,45,142
786,4,104,56,50,82
787,4,104,52,41,80
788,4,104,52,48,82
789,4,104,57,51,83
790,4,104,70,20,92
791,4,104,52,38,93
792,4,104,46,46,71
793,4,104,69,25,83
794,4,104,53,49,83
795,4,104,106,54,84
796,4,104,59,59,81
797,4,104,107,55,85
798,4,104,58,52,84
799,4,104,108,53,143
800,4,104,109,56,86
801,4,104,58,58,71
802,4,104,59,53,85
803,4,104,60,53,94
804,4,104,71,46,144
805,4,104,53,39,95
806,4,104,54,40,96
807,4,104,70,26,87
808,4,104,110,57,88
809,4,104,57,53,81
810,4,104,111,58,89
811,4,104,54,50,89
812,4,104,70,65,93
813,4,104,71,27,90
814,4,104,112,59,91
815,4,104,72,28,92
816,4,104,71,66,94
817,4,104,59,59,72
818,4,104,60,54,86
819,4,104,60,60,82
820,4,104,113,60,93
821,4,104,71,46,145
822,4,104,61,55,87
823,4,104,61,61,83
824,4,104,72,47,146
825,4,104,55,42,81
826,4,104,62,62,84
827,4,104,73,29,94
828,4,104,63,63,85
829,4,104,114,61,95
830,4,104,64,64,86
831,4,104,72,67,95
832,4,104,58,54,82
833,4,104,115,54,147
834,4,104,73,48,148
835,4,104,61,54,97
836,4,104,74,47,149
837,4,104,55,51,95
838,4,104,73,68,96
839,4,104,59,55,83
840,4,104,74,30,96
841,4,104,56,43,83
842,4,104,65,65,87
843,4,104,74,49,150
844,4,104,57,44,84
845,4,104,116,62,97
846,4,104,60,56,84
847,4,104,55,41,98
848,4,104,66,66,88
849,4,104,60,60,73
850,4,104,67,67,89
851,4,104,55,47,85
852,4,104,56,52,97
853,4,104,68,68,90
854,4,104,62,55,99
855,4,104,69,69,91
856,4,104,74,69,97
857,4,104,61,61,74
858,4,104,56,42,100
859,4,104,75,31,98
860,4,104,117,55,151
861,4,104,61,57,86
862,4,104,62,56,88
863,4,104,62,62,75
864,4,104,63,57,89
865,4,104,62,58,87
866,4,104,64,58,90
867,4,104,56,48,88
868,4,104,63,59,89
869,4,104,47,47,75
870,4,104,75,70,98
871,4,104,118,56,152
872,4,104,63,63,76
873,4,104,76,32,99
874,4,104,65,59,91
875,4,104,75,50,153
876,4,104,76,71,99
877,4,104,65,56,101
878,4,104,57,53,99
879,4,104,119,57,154
880,4,104,120,58,155
881,4,104,121,63,100
882,4,104,122,64,101
883,4,104,123,65,102
884,4,104,124,59,156
885,4,104,75,21,101
886,4,104,125,60,157
887,4,104,48,48,76
888,4,104,76,48,158
889,4,104,58,45,89
890,4,104,126,61,159
891,4,104,70,70,92
892,4,104,66,60,92
893,4,104,64,64,77
894,4,104,76,22,102
895,4,104,77,49,160
896,4,104,49,49,77
897,4,104,127,66,103
898,4,104,66,57,102
899,4,104,71,71,93
900,4,104,128,62,161
901,4,104,64,60,90
902,4,104,65,61,91
903,4,104,50,50,78
904,4,104,57,49,92
905,4,104,57,43,103
906,4,104,58,44,104
907,4,104,59,46,92
908,4,104,67,61,93
909,4,104,65,65,78
910,4,104,72,72,94
911,4,104,78,50,162
912,4,104,73,73,95
913,4,104,129,67,104
914,4,104,66,66,79
915,4,104,77,72,104
916,4,104,59,45,105
917,4,104,66,62,93
918,4,104,68,62,94
919,4,104,130,63,163
920,4,104,59,50,94
921,4,104,131,64,164
922,4,104,68,58,106
923,4,104,132,65,165
924,4,104,51,51,79
925,4,104,77,33,105
926,4,104,78,23,105
927,4,104,52,52,80
928,4,104,53,53,81
929,4,104,67,67,81
930,4,104,74,74,96
931,4,104,133,66,166
932,4,104,69,63,95
933,4,104,75,75,97
934,4,104,134,68,106
935,4,104,78,34,107
936,4,104,77,51,167
937,4,104,67,63,95
938,4,104,69,59,107
939,4,104,78,73,107
940,4,104,79,74,108
941,4,104,79,35,108
942,4,104,135,69,109
943,4,104,59,54,107
944,4,104,54,54,82
945,4,104,60,47,95
946,4,104,68,68,82
947,4,104,136,70,110
948,4,104,80,75,109
949,4,104,55,55,83
950,4,104,79,52,168
951,4,104,70,64,96
952,4,104,81,76,110
953,4,104,60,51,96
954,4,104,68,64,97
955,4,104,71,65,97
956,4,104,82,77,111
957,4,104,69,69,83
958,4,104,61,48,97
959,4,104,60,55,108
960,4,104,71,60,108
961,4,104,56,56,84
962,4,104,137,71,111
963,4,104,138,72,112
964,4,104,62,49,98
965,4,104,139,67,169
966,4,104,69,65,98
967,4,104,61,56,109
968,4,104,60,46,109
969,4,104,57,57,85
970,4,104,72,61,110
971,4,104,61,52,98
972,4,104,62,53,99
973,4,104,63,50,99
974,4,104,140,68,170
975,4,104,70,66,100
976,4,104,83,78,112
977,4,104,64,51,100
978,4,104,61,47,111
979,4,104,62,57,111
980,4,104,80,53,171
981,4,104,58,58,86
982,4,104,63,58,112
983,4,104,63,54,100
984,4,104,70,70,86
985,4,104,141,69,172
986,4,104,142,70,173
987,4,104,81,51,174
988,4,104,82,54,175
989,4,104,72,66,101
990,4,104,65,52,101
991,4,104,71,71,87
992,4,104,72,72,88
993,4,104,73,73,89
994,4,104,83,55,176
995,4,104,71,67,101
996,4,104,72,68,102
997,4,104,76,76,101
998,4,104,84,52,177
999,4,104,63,48,112
1000,4,104,64,55,102
1001,4,104,85,53,178
1002,4,104,86,54,179
1003,4,104,143,73,113
1004,4,104,66,53,102
1005,4,104,73,67,103
1006,4,104,74,68,104
1007,4,104,65,56,103
1008,4,104,75,69,105
1009,4,104,76,70,106
1010,4,104,87,55,180
1011,4,104,144,74,114
1012,4,104,67,54,103
1013,4,104,88,56,181
1014,4,104,74,74,90
1015,4,104,84,79,113
1016,4,104,68,55,104
1017,4,104,85,24,114
1018,4,104,59,59,90
1019,4,104,69,56,105
1020,4,104,145,75,115
1021,4,104,76,62,113
1022,4,104,77,71,107
1023,4,104,73,69,105
1024,4,104,146,71,182
